CNPJ_CIA;DT_REFER;VERSAO;DENOM_CIA;CD_CVM;GRUPO_DFP;MOEDA;ESCALA_MOEDA;ORDEM_EXERC;DT_INI_EXERC;DT_FIM_EXERC;CD_CONTA;DS_CONTA;VL_CONTA;ST_CONTA_FIXA;CVM_SOURCE_ZIP_ROW
00.001.180/0001-26;2016-12-31;1;CENTRAIS ELET BRAS S.A. - ELETROBRAS;002437;DF Consolidado - Demonstração do Resultado;REAL;MIL;PENÚLTIMO;2015-01-01;2015-12-31;3.01;Receita de Venda de Bens e/ou Serviços;32588838.0000000000;S;164
00.001.180/0001-26;2016-12-31;1;CENTRAIS ELET BRAS S.A. - ELETROBRAS;002437;DF Consolidado - Demonstração do Resultado;REAL;MIL;ÚLTIMO;2016-01-01;2016-12-31;3.01;Receita de Venda de Bens e/ou Serviços;60748853.0000000000;S;165
00.001.180/0001-26;2016-12-31;1;CENTRAIS ELET BRAS S.A. - ELETROBRAS;002437;DF Consolidado - Demonstração do Resultado;REAL;MIL;PENÚLTIMO;2015-01-01;2015-12-31;3.02;Custo dos Bens e/ou Serviços Vendidos;-16991559.0000000000;S;166
00.001.180/0001-26;2016-12-31;1;CENTRAIS ELET BRAS S.A. - ELETROBRAS;002437;DF Consolidado - Demonstração do Resultado;REAL;MIL;ÚLTIMO;2016-01-01;2016-12-31;3.02;Custo dos Bens e/ou Serviços Vendidos;-16210934.0000000000;S;167
00.001.180/0001-26;2016-12-31;1;CENTRAIS ELET BRAS S.A. - ELETROBRAS;002437;DF Consolidado - Demonstração do Resultado;REAL;MIL;PENÚLTIMO;2015-01-01;2015-12-31;3.02.01;Energia comprada para revenda;-10766227.0000000000;N;168
00.001.180/0001-26;2016-12-31;1;CENTRAIS ELET BRAS S.A. - ELETROBRAS;002437;DF Consolidado - Demonstração do Resultado;REAL;MIL;ÚLTIMO;2016-01-01;2016-12-31;3.02.01;Energia comprada para revenda;-11264044.0000000000;N;169
00.001.180/0001-26;2016-12-31;1;CENTRAIS ELET BRAS S.A. - ELETROBRAS;002437;DF Consolidado - Demonstração do Resultado;REAL;MIL;PENÚLTIMO;2015-01-01;2015-12-31;3.02.02;Encargos sobre uso da rede elétrica;-1737959.0000000000;N;170
00.001.180/0001-26;2016-12-31;1;CENTRAIS ELET BRAS S.A. - ELETROBRAS;002437;DF Consolidado - Demonstração do Resultado;REAL;MIL;ÚLTIMO;2016-01-01;2016-12-31;3.02.02;Encargos sobre uso da rede elétrica;-1805434.0000000000;N;171
00.001.180/0001-26;2016-12-31;1;CENTRAIS ELET BRAS S.A. - ELETROBRAS;002437;DF Consolidado - Demonstração do Resultado;REAL;MIL;PENÚLTIMO;2015-01-01;2015-12-31;3.02.03;Combustível para produção de energia elétrica;-1249836.0000000000;N;172
00.001.180/0001-26;2016-12-31;1;CENTRAIS ELET BRAS S.A. - ELETROBRAS;002437;DF Consolidado - Demonstração do Resultado;REAL;MIL;ÚLTIMO;2016-01-01;2016-12-31;3.02.03;Combustível para produção de energia elétrica;-759826.0000000000;N;173
00.001.180/0001-26;2016-12-31;1;CENTRAIS ELET BRAS S.A. - ELETROBRAS;002437;DF Consolidado - Demonstração do Resultado;REAL;MIL;PENÚLTIMO;2015-01-01;2015-12-31;3.02.04;Construção;-3237537.0000000000;N;174
00.001.180/0001-26;2016-12-31;1;CENTRAIS ELET BRAS S.A. - ELETROBRAS;002437;DF Consolidado - Demonstração do Resultado;REAL;MIL;ÚLTIMO;2016-01-01;2016-12-31;3.02.04;Construção;-2381630.0000000000;N;175
00.001.180/0001-26;2016-12-31;1;CENTRAIS ELET BRAS S.A. - ELETROBRAS;002437;DF Consolidado - Demonstração do Resultado;REAL;MIL;PENÚLTIMO;2015-01-01;2015-12-31;3.03;Resultado Bruto;15597279.0000000000;S;176
00.001.180/0001-26;2016-12-31;1;CENTRAIS ELET BRAS S.A. - ELETROBRAS;002437;DF Consolidado - Demonstração do Resultado;REAL;MIL;ÚLTIMO;2016-01-01;2016-12-31;3.03;Resultado Bruto;44537919.0000000000;S;177
00.001.180/0001-26;2016-12-31;1;CENTRAIS ELET BRAS S.A. - ELETROBRAS;002437;DF Consolidado - Demonstração do Resultado;REAL;MIL;PENÚLTIMO;2015-01-01;2015-12-31;3.04;Despesas/Receitas Operacionais;-28141800.0000000000;S;178
00.001.180/0001-26;2016-12-31;1;CENTRAIS ELET BRAS S.A. - ELETROBRAS;002437;DF Consolidado - Demonstração do Resultado;REAL;MIL;ÚLTIMO;2016-01-01;2016-12-31;3.04;Despesas/Receitas Operacionais;-26584513.0000000000;S;179
00.001.180/0001-26;2016-12-31;1;CENTRAIS ELET BRAS S.A. - ELETROBRAS;002437;DF Consolidado - Demonstração do Resultado;REAL;MIL;PENÚLTIMO;2015-01-01;2015-12-31;3.04.01;Despesas com Vendas;0.0000000000;S;180
00.001.180/0001-26;2016-12-31;1;CENTRAIS ELET BRAS S.A. - ELETROBRAS;002437;DF Consolidado - Demonstração do Resultado;REAL;MIL;ÚLTIMO;2016-01-01;2016-12-31;3.04.01;Despesas com Vendas;0.0000000000;S;181
00.001.180/0001-26;2016-12-31;1;CENTRAIS ELET BRAS S.A. - ELETROBRAS;002437;DF Consolidado - Demonstração do Resultado;REAL;MIL;PENÚLTIMO;2015-01-01;2015-12-31;3.04.02;Despesas Gerais e Administrativas;-28673246.0000000000;S;182
00.001.180/0001-26;2016-12-31;1;CENTRAIS ELET BRAS S.A. - ELETROBRAS;002437;DF Consolidado - Demonstração do Resultado;REAL;MIL;ÚLTIMO;2016-01-01;2016-12-31;3.04.02;Despesas Gerais e Administrativas;-29698560.0000000000;S;183
00.001.180/0001-26;2016-12-31;1;CENTRAIS ELET BRAS S.A. - ELETROBRAS;002437;DF Consolidado - Demonstração do Resultado;REAL;MIL;PENÚLTIMO;2015-01-01;2015-12-31;3.04.02.01;Pessoal, Material, Serviço;-9495417.0000000000;N;184
00.001.180/0001-26;2016-12-31;1;CENTRAIS ELET BRAS S.A. - ELETROBRAS;002437;DF Consolidado - Demonstração do Resultado;REAL;MIL;ÚLTIMO;2016-01-01;2016-12-31;3.04.02.01;Pessoal, Material, Serviço;-10363211.0000000000;N;185
00.001.180/0001-26;2016-12-31;1;CENTRAIS ELET BRAS S.A. - ELETROBRAS;002437;DF Consolidado - Demonstração do Resultado;REAL;MIL;PENÚLTIMO;2015-01-01;2015-12-31;3.04.02.02;Resultado a compensar Itaipu;0.0000000000;N;186
00.001.180/0001-26;2016-12-31;1;CENTRAIS ELET BRAS S.A. - ELETROBRAS;002437;DF Consolidado - Demonstração do Resultado;REAL;MIL;ÚLTIMO;2016-01-01;2016-12-31;3.04.02.02;Resultado a compensar Itaipu;0.0000000000;N;187
00.001.180/0001-26;2016-12-31;1;CENTRAIS ELET BRAS S.A. - ELETROBRAS;002437;DF Consolidado - Demonstração do Resultado;REAL;MIL;PENÚLTIMO;2015-01-01;2015-12-31;3.04.02.06;Remuneração e Ressarcimento;-348874.0000000000;N;188
00.001.180/0001-26;2016-12-31;1;CENTRAIS ELET BRAS S.A. - ELETROBRAS;002437;DF Consolidado - Demonstração do Resultado;REAL;MIL;ÚLTIMO;2016-01-01;2016-12-31;3.04.02.06;Remuneração e Ressarcimento;-362702.0000000000;N;189
00.001.180/0001-26;2016-12-31;1;CENTRAIS ELET BRAS S.A. - ELETROBRAS;002437;DF Consolidado - Demonstração do Resultado;REAL;MIL;PENÚLTIMO;2015-01-01;2015-12-31;3.04.02.08;Depreciação e amortizaçao-Imobilizado e Intangível;-1842600.0000000000;N;190
00.001.180/0001-26;2016-12-31;1;CENTRAIS ELET BRAS S.A. - ELETROBRAS;002437;DF Consolidado - Demonstração do Resultado;REAL;MIL;ÚLTIMO;2016-01-01;2016-12-31;3.04.02.08;Depreciação e amortizaçao-Imobilizado e Intangível;-1843785.0000000000;N;191
00.001.180/0001-26;2016-12-31;1;CENTRAIS ELET BRAS S.A. - ELETROBRAS;002437;DF Consolidado - Demonstração do Resultado;REAL;MIL;PENÚLTIMO;2015-01-01;2015-12-31;3.04.02.09;Provisões operacionais;-14639285.0000000000;N;192
00.001.180/0001-26;2016-12-31;1;CENTRAIS ELET BRAS S.A. - ELETROBRAS;002437;DF Consolidado - Demonstração do Resultado;REAL;MIL;ÚLTIMO;2016-01-01;2016-12-31;3.04.02.09;Provisões operacionais;-14723995.0000000000;N;193
00.001.180/0001-26;2016-12-31;1;CENTRAIS ELET BRAS S.A. - ELETROBRAS;002437;DF Consolidado - Demonstração do Resultado;REAL;MIL;PENÚLTIMO;2015-01-01;2015-12-31;3.04.02.10;Doações e contribuições;-215116.0000000000;N;194
00.001.180/0001-26;2016-12-31;1;CENTRAIS ELET BRAS S.A. - ELETROBRAS;002437;DF Consolidado - Demonstração do Resultado;REAL;MIL;ÚLTIMO;2016-01-01;2016-12-31;3.04.02.10;Doações e contribuições;-219417.0000000000;N;195
00.001.180/0001-26;2016-12-31;1;CENTRAIS ELET BRAS S.A. - ELETROBRAS;002437;DF Consolidado - Demonstração do Resultado;REAL;MIL;PENÚLTIMO;2015-01-01;2015-12-31;3.04.02.11;Plano de readequação do quadro de pessoal;0.0000000000;N;196
00.001.180/0001-26;2016-12-31;1;CENTRAIS ELET BRAS S.A. - ELETROBRAS;002437;DF Consolidado - Demonstração do Resultado;REAL;MIL;ÚLTIMO;2016-01-01;2016-12-31;3.04.02.11;Plano de readequação do quadro de pessoal;0.0000000000;N;197
00.001.180/0001-26;2016-12-31;1;CENTRAIS ELET BRAS S.A. - ELETROBRAS;002437;DF Consolidado - Demonstração do Resultado;REAL;MIL;PENÚLTIMO;2015-01-01;2015-12-31;3.04.02.12;Achados Investigação;0.0000000000;N;198
00.001.180/0001-26;2016-12-31;1;CENTRAIS ELET BRAS S.A. - ELETROBRAS;002437;DF Consolidado - Demonstração do Resultado;REAL;MIL;ÚLTIMO;2016-01-01;2016-12-31;3.04.02.12;Achados Investigação;-211123.0000000000;N;199
00.001.180/0001-26;2016-12-31;1;CENTRAIS ELET BRAS S.A. - ELETROBRAS;002437;DF Consolidado - Demonstração do Resultado;REAL;MIL;PENÚLTIMO;2015-01-01;2015-12-31;3.04.02.13;Outros;-2131954.0000000000;N;200
00.001.180/0001-26;2016-12-31;1;CENTRAIS ELET BRAS S.A. - ELETROBRAS;002437;DF Consolidado - Demonstração do Resultado;REAL;MIL;ÚLTIMO;2016-01-01;2016-12-31;3.04.02.13;Outros;-1974327.0000000000;N;201
00.001.180/0001-26;2016-12-31;1;CENTRAIS ELET BRAS S.A. - ELETROBRAS;002437;DF Consolidado - Demonstração do Resultado;REAL;MIL;PENÚLTIMO;2015-01-01;2015-12-31;3.04.03;Perdas pela Não Recuperabilidade de Ativos;0.0000000000;S;202
00.001.180/0001-26;2016-12-31;1;CENTRAIS ELET BRAS S.A. - ELETROBRAS;002437;DF Consolidado - Demonstração do Resultado;REAL;MIL;ÚLTIMO;2016-01-01;2016-12-31;3.04.03;Perdas pela Não Recuperabilidade de Ativos;0.0000000000;S;203
00.001.180/0001-26;2016-12-31;1;CENTRAIS ELET BRAS S.A. - ELETROBRAS;002437;DF Consolidado - Demonstração do Resultado;REAL;MIL;PENÚLTIMO;2015-01-01;2015-12-31;3.04.04;Outras Receitas Operacionais;0.0000000000;S;204
00.001.180/0001-26;2016-12-31;1;CENTRAIS ELET BRAS S.A. - ELETROBRAS;002437;DF Consolidado - Demonstração do Resultado;REAL;MIL;ÚLTIMO;2016-01-01;2016-12-31;3.04.04;Outras Receitas Operacionais;0.0000000000;S;205
00.001.180/0001-26;2016-12-31;1;CENTRAIS ELET BRAS S.A. - ELETROBRAS;002437;DF Consolidado - Demonstração do Resultado;REAL;MIL;PENÚLTIMO;2015-01-01;2015-12-31;3.04.05;Outras Despesas Operacionais;0.0000000000;S;206
00.001.180/0001-26;2016-12-31;1;CENTRAIS ELET BRAS S.A. - ELETROBRAS;002437;DF Consolidado - Demonstração do Resultado;REAL;MIL;ÚLTIMO;2016-01-01;2016-12-31;3.04.05;Outras Despesas Operacionais;0.0000000000;S;207
00.001.180/0001-26;2016-12-31;1;CENTRAIS ELET BRAS S.A. - ELETROBRAS;002437;DF Consolidado - Demonstração do Resultado;REAL;MIL;PENÚLTIMO;2015-01-01;2015-12-31;3.04.06;Resultado de Equivalência Patrimonial;531446.0000000000;S;208
00.001.180/0001-26;2016-12-31;1;CENTRAIS ELET BRAS S.A. - ELETROBRAS;002437;DF Consolidado - Demonstração do Resultado;REAL;MIL;ÚLTIMO;2016-01-01;2016-12-31;3.04.06;Resultado de Equivalência Patrimonial;3114047.0000000000;S;209
00.001.180/0001-26;2016-12-31;1;CENTRAIS ELET BRAS S.A. - ELETROBRAS;002437;DF Consolidado - Demonstração do Resultado;REAL;MIL;PENÚLTIMO;2015-01-01;2015-12-31;3.05;Resultado Antes do Resultado Financeiro e dos Tributos;-12544521.0000000000;S;210
00.001.180/0001-26;2016-12-31;1;CENTRAIS ELET BRAS S.A. - ELETROBRAS;002437;DF Consolidado - Demonstração do Resultado;REAL;MIL;ÚLTIMO;2016-01-01;2016-12-31;3.05;Resultado Antes do Resultado Financeiro e dos Tributos;17953406.0000000000;S;211
00.001.180/0001-26;2016-12-31;1;CENTRAIS ELET BRAS S.A. - ELETROBRAS;002437;DF Consolidado - Demonstração do Resultado;REAL;MIL;PENÚLTIMO;2015-01-01;2015-12-31;3.06;Resultado Financeiro;-1699025.0000000000;S;212
00.001.180/0001-26;2016-12-31;1;CENTRAIS ELET BRAS S.A. - ELETROBRAS;002437;DF Consolidado - Demonstração do Resultado;REAL;MIL;ÚLTIMO;2016-01-01;2016-12-31;3.06;Resultado Financeiro;-5929311.0000000000;S;213
00.001.180/0001-26;2016-12-31;1;CENTRAIS ELET BRAS S.A. - ELETROBRAS;002437;DF Consolidado - Demonstração do Resultado;REAL;MIL;PENÚLTIMO;2015-01-01;2015-12-31;3.06.01;Receitas Financeiras;17952241.0000000000;S;214
00.001.180/0001-26;2016-12-31;1;CENTRAIS ELET BRAS S.A. - ELETROBRAS;002437;DF Consolidado - Demonstração do Resultado;REAL;MIL;ÚLTIMO;2016-01-01;2016-12-31;3.06.01;Receitas Financeiras;11223390.0000000000;S;215
00.001.180/0001-26;2016-12-31;1;CENTRAIS ELET BRAS S.A. - ELETROBRAS;002437;DF Consolidado - Demonstração do Resultado;REAL;MIL;PENÚLTIMO;2015-01-01;2015-12-31;3.06.01.01;Receitas de juros, comissões e taxas;1128406.0000000000;N;216
00.001.180/0001-26;2016-12-31;1;CENTRAIS ELET BRAS S.A. - ELETROBRAS;002437;DF Consolidado - Demonstração do Resultado;REAL;MIL;ÚLTIMO;2016-01-01;2016-12-31;3.06.01.01;Receitas de juros, comissões e taxas;1154010.0000000000;N;217
00.001.180/0001-26;2016-12-31;1;CENTRAIS ELET BRAS S.A. - ELETROBRAS;002437;DF Consolidado - Demonstração do Resultado;REAL;MIL;PENÚLTIMO;2015-01-01;2015-12-31;3.06.01.02;Receitas de aplicações financeiras;1122643.0000000000;N;218
00.001.180/0001-26;2016-12-31;1;CENTRAIS ELET BRAS S.A. - ELETROBRAS;002437;DF Consolidado - Demonstração do Resultado;REAL;MIL;ÚLTIMO;2016-01-01;2016-12-31;3.06.01.02;Receitas de aplicações financeiras;1086578.0000000000;N;219
00.001.180/0001-26;2016-12-31;1;CENTRAIS ELET BRAS S.A. - ELETROBRAS;002437;DF Consolidado - Demonstração do Resultado;REAL;MIL;PENÚLTIMO;2015-01-01;2015-12-31;3.06.01.03;Acréscimo moratório sobre energia elétrica;709404.0000000000;N;220
00.001.180/0001-26;2016-12-31;1;CENTRAIS ELET BRAS S.A. - ELETROBRAS;002437;DF Consolidado - Demonstração do Resultado;REAL;MIL;ÚLTIMO;2016-01-01;2016-12-31;3.06.01.03;Acréscimo moratório sobre energia elétrica;320836.0000000000;N;221
00.001.180/0001-26;2016-12-31;1;CENTRAIS ELET BRAS S.A. - ELETROBRAS;002437;DF Consolidado - Demonstração do Resultado;REAL;MIL;PENÚLTIMO;2015-01-01;2015-12-31;3.06.01.04;Atualizações monetárias ativas;3765236.0000000000;N;222
00.001.180/0001-26;2016-12-31;1;CENTRAIS ELET BRAS S.A. - ELETROBRAS;002437;DF Consolidado - Demonstração do Resultado;REAL;MIL;ÚLTIMO;2016-01-01;2016-12-31;3.06.01.04;Atualizações monetárias ativas;2549308.0000000000;N;223
00.001.180/0001-26;2016-12-31;1;CENTRAIS ELET BRAS S.A. - ELETROBRAS;002437;DF Consolidado - Demonstração do Resultado;REAL;MIL;PENÚLTIMO;2015-01-01;2015-12-31;3.06.01.05;Variações cambiais ativas;10251948.0000000000;N;224
00.001.180/0001-26;2016-12-31;1;CENTRAIS ELET BRAS S.A. - ELETROBRAS;002437;DF Consolidado - Demonstração do Resultado;REAL;MIL;ÚLTIMO;2016-01-01;2016-12-31;3.06.01.05;Variações cambiais ativas;4985602.0000000000;N;225
00.001.180/0001-26;2016-12-31;1;CENTRAIS ELET BRAS S.A. - ELETROBRAS;002437;DF Consolidado - Demonstração do Resultado;REAL;MIL;PENÚLTIMO;2015-01-01;2015-12-31;3.06.01.06;Remuneração das Indenizações - Lei 12.783/13;115407.0000000000;N;226
00.001.180/0001-26;2016-12-31;1;CENTRAIS ELET BRAS S.A. - ELETROBRAS;002437;DF Consolidado - Demonstração do Resultado;REAL;MIL;ÚLTIMO;2016-01-01;2016-12-31;3.06.01.06;Remuneração das Indenizações - Lei 12.783/13;0.0000000000;N;227
00.001.180/0001-26;2016-12-31;1;CENTRAIS ELET BRAS S.A. - ELETROBRAS;002437;DF Consolidado - Demonstração do Resultado;REAL;MIL;PENÚLTIMO;2015-01-01;2015-12-31;3.06.01.07;Atualização de Ativo regulatório;229608.0000000000;N;228
00.001.180/0001-26;2016-12-31;1;CENTRAIS ELET BRAS S.A. - ELETROBRAS;002437;DF Consolidado - Demonstração do Resultado;REAL;MIL;ÚLTIMO;2016-01-01;2016-12-31;3.06.01.07;Atualização de Ativo regulatório;231107.0000000000;N;229
00.001.180/0001-26;2016-12-31;1;CENTRAIS ELET BRAS S.A. - ELETROBRAS;002437;DF Consolidado - Demonstração do Resultado;REAL;MIL;PENÚLTIMO;2015-01-01;2015-12-31;3.06.01.08;Ganhos com Derivativos;0.0000000000;N;230
00.001.180/0001-26;2016-12-31;1;CENTRAIS ELET BRAS S.A. - ELETROBRAS;002437;DF Consolidado - Demonstração do Resultado;REAL;MIL;ÚLTIMO;2016-01-01;2016-12-31;3.06.01.08;Ganhos com Derivativos;218714.0000000000;N;231
00.001.180/0001-26;2016-12-31;1;CENTRAIS ELET BRAS S.A. - ELETROBRAS;002437;DF Consolidado - Demonstração do Resultado;REAL;MIL;PENÚLTIMO;2015-01-01;2015-12-31;3.06.01.09;Outras receitas financeiras;629589.0000000000;N;232
00.001.180/0001-26;2016-12-31;1;CENTRAIS ELET BRAS S.A. - ELETROBRAS;002437;DF Consolidado - Demonstração do Resultado;REAL;MIL;ÚLTIMO;2016-01-01;2016-12-31;3.06.01.09;Outras receitas financeiras;677235.0000000000;N;233
00.001.180/0001-26;2016-12-31;1;CENTRAIS ELET BRAS S.A. - ELETROBRAS;002437;DF Consolidado - Demonstração do Resultado;REAL;MIL;PENÚLTIMO;2015-01-01;2015-12-31;3.06.02;Despesas Financeiras;-19651266.0000000000;S;234
00.001.180/0001-26;2016-12-31;1;CENTRAIS ELET BRAS S.A. - ELETROBRAS;002437;DF Consolidado - Demonstração do Resultado;REAL;MIL;ÚLTIMO;2016-01-01;2016-12-31;3.06.02;Despesas Financeiras;-17152701.0000000000;S;235
00.001.180/0001-26;2016-12-31;1;CENTRAIS ELET BRAS S.A. - ELETROBRAS;002437;DF Consolidado - Demonstração do Resultado;REAL;MIL;PENÚLTIMO;2015-01-01;2015-12-31;3.06.02.01;Encargos de dívidas;-6340459.0000000000;N;236
00.001.180/0001-26;2016-12-31;1;CENTRAIS ELET BRAS S.A. - ELETROBRAS;002437;DF Consolidado - Demonstração do Resultado;REAL;MIL;ÚLTIMO;2016-01-01;2016-12-31;3.06.02.01;Encargos de dívidas;-6375836.0000000000;N;237
00.001.180/0001-26;2016-12-31;1;CENTRAIS ELET BRAS S.A. - ELETROBRAS;002437;DF Consolidado - Demonstração do Resultado;REAL;MIL;PENÚLTIMO;2015-01-01;2015-12-31;3.06.02.02;Encargos de arrendamento mercantil;-273391.0000000000;N;238
00.001.180/0001-26;2016-12-31;1;CENTRAIS ELET BRAS S.A. - ELETROBRAS;002437;DF Consolidado - Demonstração do Resultado;REAL;MIL;ÚLTIMO;2016-01-01;2016-12-31;3.06.02.02;Encargos de arrendamento mercantil;-303381.0000000000;N;239
00.001.180/0001-26;2016-12-31;1;CENTRAIS ELET BRAS S.A. - ELETROBRAS;002437;DF Consolidado - Demonstração do Resultado;REAL;MIL;PENÚLTIMO;2015-01-01;2015-12-31;3.06.02.03;Encargos sobre recursos de acionistas;-40511.0000000000;N;240
00.001.180/0001-26;2016-12-31;1;CENTRAIS ELET BRAS S.A. - ELETROBRAS;002437;DF Consolidado - Demonstração do Resultado;REAL;MIL;ÚLTIMO;2016-01-01;2016-12-31;3.06.02.03;Encargos sobre recursos de acionistas;-200857.0000000000;N;241
00.001.180/0001-26;2016-12-31;1;CENTRAIS ELET BRAS S.A. - ELETROBRAS;002437;DF Consolidado - Demonstração do Resultado;REAL;MIL;PENÚLTIMO;2015-01-01;2015-12-31;3.06.02.04;Atualizações monetárias passivas;-1362380.0000000000;N;242
00.001.180/0001-26;2016-12-31;1;CENTRAIS ELET BRAS S.A. - ELETROBRAS;002437;DF Consolidado - Demonstração do Resultado;REAL;MIL;ÚLTIMO;2016-01-01;2016-12-31;3.06.02.04;Atualizações monetárias passivas;-4149223.0000000000;N;243
00.001.180/0001-26;2016-12-31;1;CENTRAIS ELET BRAS S.A. - ELETROBRAS;002437;DF Consolidado - Demonstração do Resultado;REAL;MIL;PENÚLTIMO;2015-01-01;2015-12-31;3.06.02.05;Variações cambiais passivas;-10219318.0000000000;N;244
00.001.180/0001-26;2016-12-31;1;CENTRAIS ELET BRAS S.A. - ELETROBRAS;002437;DF Consolidado - Demonstração do Resultado;REAL;MIL;ÚLTIMO;2016-01-01;2016-12-31;3.06.02.05;Variações cambiais passivas;-4848040.0000000000;N;245
00.001.180/0001-26;2016-12-31;1;CENTRAIS ELET BRAS S.A. - ELETROBRAS;002437;DF Consolidado - Demonstração do Resultado;REAL;MIL;PENÚLTIMO;2015-01-01;2015-12-31;3.06.02.06;Atualização de passivo regulatório;-130502.0000000000;N;246
00.001.180/0001-26;2016-12-31;1;CENTRAIS ELET BRAS S.A. - ELETROBRAS;002437;DF Consolidado - Demonstração do Resultado;REAL;MIL;ÚLTIMO;2016-01-01;2016-12-31;3.06.02.06;Atualização de passivo regulatório;-174485.0000000000;N;247
00.001.180/0001-26;2016-12-31;1;CENTRAIS ELET BRAS S.A. - ELETROBRAS;002437;DF Consolidado - Demonstração do Resultado;REAL;MIL;PENÚLTIMO;2015-01-01;2015-12-31;3.06.02.07;Perdas com derivativos;-221666.0000000000;N;248
00.001.180/0001-26;2016-12-31;1;CENTRAIS ELET BRAS S.A. - ELETROBRAS;002437;DF Consolidado - Demonstração do Resultado;REAL;MIL;ÚLTIMO;2016-01-01;2016-12-31;3.06.02.07;Perdas com derivativos;0.0000000000;N;249
00.001.180/0001-26;2016-12-31;1;CENTRAIS ELET BRAS S.A. - ELETROBRAS;002437;DF Consolidado - Demonstração do Resultado;REAL;MIL;PENÚLTIMO;2015-01-01;2015-12-31;3.06.02.08;Outras despesas financeiras;-1063039.0000000000;N;250
00.001.180/0001-26;2016-12-31;1;CENTRAIS ELET BRAS S.A. - ELETROBRAS;002437;DF Consolidado - Demonstração do Resultado;REAL;MIL;ÚLTIMO;2016-01-01;2016-12-31;3.06.02.08;Outras despesas financeiras;-1100879.0000000000;N;251
00.001.180/0001-26;2016-12-31;1;CENTRAIS ELET BRAS S.A. - ELETROBRAS;002437;DF Consolidado - Demonstração do Resultado;REAL;MIL;PENÚLTIMO;2015-01-01;2015-12-31;3.07;Resultado Antes dos Tributos sobre o Lucro;-14243546.0000000000;S;252
00.001.180/0001-26;2016-12-31;1;CENTRAIS ELET BRAS S.A. - ELETROBRAS;002437;DF Consolidado - Demonstração do Resultado;REAL;MIL;ÚLTIMO;2016-01-01;2016-12-31;3.07;Resultado Antes dos Tributos sobre o Lucro;12024095.0000000000;S;253
00.001.180/0001-26;2016-12-31;1;CENTRAIS ELET BRAS S.A. - ELETROBRAS;002437;DF Consolidado - Demonstração do Resultado;REAL;MIL;PENÚLTIMO;2015-01-01;2015-12-31;3.08;Imposto de Renda e Contribuição Social sobre o Lucro;-710112.0000000000;S;254
00.001.180/0001-26;2016-12-31;1;CENTRAIS ELET BRAS S.A. - ELETROBRAS;002437;DF Consolidado - Demonstração do Resultado;REAL;MIL;ÚLTIMO;2016-01-01;2016-12-31;3.08;Imposto de Renda e Contribuição Social sobre o Lucro;-8510819.0000000000;S;255
00.001.180/0001-26;2016-12-31;1;CENTRAIS ELET BRAS S.A. - ELETROBRAS;002437;DF Consolidado - Demonstração do Resultado;REAL;MIL;PENÚLTIMO;2015-01-01;2015-12-31;3.08.01;Corrente;-546812.0000000000;S;256
00.001.180/0001-26;2016-12-31;1;CENTRAIS ELET BRAS S.A. - ELETROBRAS;002437;DF Consolidado - Demonstração do Resultado;REAL;MIL;ÚLTIMO;2016-01-01;2016-12-31;3.08.01;Corrente;-619044.0000000000;S;257
00.001.180/0001-26;2016-12-31;1;CENTRAIS ELET BRAS S.A. - ELETROBRAS;002437;DF Consolidado - Demonstração do Resultado;REAL;MIL;PENÚLTIMO;2015-01-01;2015-12-31;3.08.02;Diferido;-163300.0000000000;S;258
00.001.180/0001-26;2016-12-31;1;CENTRAIS ELET BRAS S.A. - ELETROBRAS;002437;DF Consolidado - Demonstração do Resultado;REAL;MIL;ÚLTIMO;2016-01-01;2016-12-31;3.08.02;Diferido;-7891775.0000000000;S;259
00.001.180/0001-26;2016-12-31;1;CENTRAIS ELET BRAS S.A. - ELETROBRAS;002437;DF Consolidado - Demonstração do Resultado;REAL;MIL;PENÚLTIMO;2015-01-01;2015-12-31;3.09;Resultado Líquido das Operações Continuadas;-14953658.0000000000;S;260
00.001.180/0001-26;2016-12-31;1;CENTRAIS ELET BRAS S.A. - ELETROBRAS;002437;DF Consolidado - Demonstração do Resultado;REAL;MIL;ÚLTIMO;2016-01-01;2016-12-31;3.09;Resultado Líquido das Operações Continuadas;3513276.0000000000;S;261
00.001.180/0001-26;2016-12-31;1;CENTRAIS ELET BRAS S.A. - ELETROBRAS;002437;DF Consolidado - Demonstração do Resultado;REAL;MIL;PENÚLTIMO;2015-01-01;2015-12-31;3.10;Resultado Líquido de Operações Descontinuadas;0.0000000000;S;262
00.001.180/0001-26;2016-12-31;1;CENTRAIS ELET BRAS S.A. - ELETROBRAS;002437;DF Consolidado - Demonstração do Resultado;REAL;MIL;ÚLTIMO;2016-01-01;2016-12-31;3.10;Resultado Líquido de Operações Descontinuadas;0.0000000000;S;263
00.001.180/0001-26;2016-12-31;1;CENTRAIS ELET BRAS S.A. - ELETROBRAS;002437;DF Consolidado - Demonstração do Resultado;REAL;MIL;PENÚLTIMO;2015-01-01;2015-12-31;3.10.01;Lucro/Prejuízo Líquido das Operações Descontinuadas;0.0000000000;S;264
00.001.180/0001-26;2016-12-31;1;CENTRAIS ELET BRAS S.A. - ELETROBRAS;002437;DF Consolidado - Demonstração do Resultado;REAL;MIL;ÚLTIMO;2016-01-01;2016-12-31;3.10.01;Lucro/Prejuízo Líquido das Operações Descontinuadas;0.0000000000;S;265
00.001.180/0001-26;2016-12-31;1;CENTRAIS ELET BRAS S.A. - ELETROBRAS;002437;DF Consolidado - Demonstração do Resultado;REAL;MIL;PENÚLTIMO;2015-01-01;2015-12-31;3.10.02;Ganhos/Perdas Líquidas sobre Ativos de Operações Descontinuadas;0.0000000000;S;266
00.001.180/0001-26;2016-12-31;1;CENTRAIS ELET BRAS S.A. - ELETROBRAS;002437;DF Consolidado - Demonstração do Resultado;REAL;MIL;ÚLTIMO;2016-01-01;2016-12-31;3.10.02;Ganhos/Perdas Líquidas sobre Ativos de Operações Descontinuadas;0.0000000000;S;267
00.001.180/0001-26;2016-12-31;1;CENTRAIS ELET BRAS S.A. - ELETROBRAS;002437;DF Consolidado - Demonstração do Resultado;REAL;MIL;PENÚLTIMO;2015-01-01;2015-12-31;3.11;Lucro/Prejuízo Consolidado do Período;-14953658.0000000000;S;268
00.001.180/0001-26;2016-12-31;1;CENTRAIS ELET BRAS S.A. - ELETROBRAS;002437;DF Consolidado - Demonstração do Resultado;REAL;MIL;ÚLTIMO;2016-01-01;2016-12-31;3.11;Lucro/Prejuízo Consolidado do Período;3513276.0000000000;S;269
00.001.180/0001-26;2016-12-31;1;CENTRAIS ELET BRAS S.A. - ELETROBRAS;002437;DF Consolidado - Demonstração do Resultado;REAL;MIL;PENÚLTIMO;2015-01-01;2015-12-31;3.11.01;Atribuído a Sócios da Empresa Controladora;-14441607.0000000000;S;270
00.001.180/0001-26;2016-12-31;1;CENTRAIS ELET BRAS S.A. - ELETROBRAS;002437;DF Consolidado - Demonstração do Resultado;REAL;MIL;ÚLTIMO;2016-01-01;2016-12-31;3.11.01;Atribuído a Sócios da Empresa Controladora;3425899.0000000000;S;271
00.001.180/0001-26;2016-12-31;1;CENTRAIS ELET BRAS S.A. - ELETROBRAS;002437;DF Consolidado - Demonstração do Resultado;REAL;MIL;PENÚLTIMO;2015-01-01;2015-12-31;3.11.02;Atribuído a Sócios Não Controladores;-512051.0000000000;S;272
00.001.180/0001-26;2016-12-31;1;CENTRAIS ELET BRAS S.A. - ELETROBRAS;002437;DF Consolidado - Demonstração do Resultado;REAL;MIL;ÚLTIMO;2016-01-01;2016-12-31;3.11.02;Atribuído a Sócios Não Controladores;87377.0000000000;S;273
00.001.180/0001-26;2016-12-31;1;CENTRAIS ELET BRAS S.A. - ELETROBRAS;002437;DF Consolidado - Demonstração do Resultado;REAL;MIL;PENÚLTIMO;2015-01-01;2015-12-31;3.99;Lucro por Ação - (Reais / Ação);0.0000000000;N;274
00.001.180/0001-26;2016-12-31;1;CENTRAIS ELET BRAS S.A. - ELETROBRAS;002437;DF Consolidado - Demonstração do Resultado;REAL;MIL;ÚLTIMO;2016-01-01;2016-12-31;3.99;Lucro por Ação - (Reais / Ação);0.0000000000;N;275
00.001.180/0001-26;2016-12-31;1;CENTRAIS ELET BRAS S.A. - ELETROBRAS;002437;DF Consolidado - Demonstração do Resultado;REAL;MIL;PENÚLTIMO;2015-01-01;2015-12-31;3.99.01;Lucro Básico por Ação;0.0000000000;N;276
00.001.180/0001-26;2016-12-31;1;CENTRAIS ELET BRAS S.A. - ELETROBRAS;002437;DF Consolidado - Demonstração do Resultado;REAL;MIL;ÚLTIMO;2016-01-01;2016-12-31;3.99.01;Lucro Básico por Ação;0.0000000000;N;277
00.001.180/0001-26;2016-12-31;1;CENTRAIS ELET BRAS S.A. - ELETROBRAS;002437;DF Consolidado - Demonstração do Resultado;REAL;MIL;PENÚLTIMO;2015-01-01;2015-12-31;3.99.01.01;ON;-10.6766500000;N;278
00.001.180/0001-26;2016-12-31;1;CENTRAIS ELET BRAS S.A. - ELETROBRAS;002437;DF Consolidado - Demonstração do Resultado;REAL;MIL;ÚLTIMO;2016-01-01;2016-12-31;3.99.01.01;ON;2.5327600000;N;279
00.001.180/0001-26;2016-12-31;1;CENTRAIS ELET BRAS S.A. - ELETROBRAS;002437;DF Consolidado - Demonstração do Resultado;REAL;MIL;PENÚLTIMO;2015-01-01;2015-12-31;3.99.01.02;PNA;-10.6766500000;N;280
00.001.180/0001-26;2016-12-31;1;CENTRAIS ELET BRAS S.A. - ELETROBRAS;002437;DF Consolidado - Demonstração do Resultado;REAL;MIL;ÚLTIMO;2016-01-01;2016-12-31;3.99.01.02;PNA;2.5327600000;N;281
00.001.180/0001-26;2016-12-31;1;CENTRAIS ELET BRAS S.A. - ELETROBRAS;002437;DF Consolidado - Demonstração do Resultado;REAL;MIL;PENÚLTIMO;2015-01-01;2015-12-31;3.99.01.03;PNB;-10.6766500000;N;282
00.001.180/0001-26;2016-12-31;1;CENTRAIS ELET BRAS S.A. - ELETROBRAS;002437;DF Consolidado - Demonstração do Resultado;REAL;MIL;ÚLTIMO;2016-01-01;2016-12-31;3.99.01.03;PNB;2.5327600000;N;283
00.001.180/0001-26;2016-12-31;1;CENTRAIS ELET BRAS S.A. - ELETROBRAS;002437;DF Consolidado - Demonstração do Resultado;REAL;MIL;PENÚLTIMO;2015-01-01;2015-12-31;3.99.02;Lucro Diluído por Ação;0.0000000000;N;284
00.001.180/0001-26;2016-12-31;1;CENTRAIS ELET BRAS S.A. - ELETROBRAS;002437;DF Consolidado - Demonstração do Resultado;REAL;MIL;ÚLTIMO;2016-01-01;2016-12-31;3.99.02;Lucro Diluído por Ação;0.0000000000;N;285
00.001.180/0001-26;2016-12-31;1;CENTRAIS ELET BRAS S.A. - ELETROBRAS;002437;DF Consolidado - Demonstração do Resultado;REAL;MIL;PENÚLTIMO;2015-01-01;2015-12-31;3.99.02.01;ON;-10.6766500000;N;286
00.001.180/0001-26;2016-12-31;1;CENTRAIS ELET BRAS S.A. - ELETROBRAS;002437;DF Consolidado - Demonstração do Resultado;REAL;MIL;ÚLTIMO;2016-01-01;2016-12-31;3.99.02.01;ON;2.5039200000;N;287
00.001.180/0001-26;2016-12-31;1;CENTRAIS ELET BRAS S.A. - ELETROBRAS;002437;DF Consolidado - Demonstração do Resultado;REAL;MIL;PENÚLTIMO;2015-01-01;2015-12-31;3.99.02.02;PNA;-10.6766500000;N;288
00.001.180/0001-26;2016-12-31;1;CENTRAIS ELET BRAS S.A. - ELETROBRAS;002437;DF Consolidado - Demonstração do Resultado;REAL;MIL;ÚLTIMO;2016-01-01;2016-12-31;3.99.02.02;PNA;2.5039200000;N;289
00.001.180/0001-26;2016-12-31;1;CENTRAIS ELET BRAS S.A. - ELETROBRAS;002437;DF Consolidado - Demonstração do Resultado;REAL;MIL;PENÚLTIMO;2015-01-01;2015-12-31;3.99.02.03;PNB;-10.6766500000;N;290
00.001.180/0001-26;2016-12-31;1;CENTRAIS ELET BRAS S.A. - ELETROBRAS;002437;DF Consolidado - Demonstração do Resultado;REAL;MIL;ÚLTIMO;2016-01-01;2016-12-31;3.99.02.03;PNB;2.5039200000;N;291
16.404.287/0001-55;2016-12-31;1;SUZANO S.A.;013986;DF Consolidado - Demonstração do Resultado;REAL;MIL;PENÚLTIMO;2015-01-01;2015-12-31;3.01;Receita de Venda de Bens e/ou Serviços;10224361.0000000000;S;11960
16.404.287/0001-55;2016-12-31;1;SUZANO S.A.;013986;DF Consolidado - Demonstração do Resultado;REAL;MIL;ÚLTIMO;2016-01-01;2016-12-31;3.01;Receita de Venda de Bens e/ou Serviços;9882313.0000000000;S;11961
16.404.287/0001-55;2016-12-31;1;SUZANO S.A.;013986;DF Consolidado - Demonstração do Resultado;REAL;MIL;PENÚLTIMO;2015-01-01;2015-12-31;3.02;Custo dos Bens e/ou Serviços Vendidos;-6184246.0000000000;S;11962
16.404.287/0001-55;2016-12-31;1;SUZANO S.A.;013986;DF Consolidado - Demonstração do Resultado;REAL;MIL;ÚLTIMO;2016-01-01;2016-12-31;3.02;Custo dos Bens e/ou Serviços Vendidos;-6571622.0000000000;S;11963
16.404.287/0001-55;2016-12-31;1;SUZANO S.A.;013986;DF Consolidado - Demonstração do Resultado;REAL;MIL;PENÚLTIMO;2015-01-01;2015-12-31;3.03;Resultado Bruto;4040115.0000000000;S;11964
16.404.287/0001-55;2016-12-31;1;SUZANO S.A.;013986;DF Consolidado - Demonstração do Resultado;REAL;MIL;ÚLTIMO;2016-01-01;2016-12-31;3.03;Resultado Bruto;3310691.0000000000;S;11965
16.404.287/0001-55;2016-12-31;1;SUZANO S.A.;013986;DF Consolidado - Demonstração do Resultado;REAL;MIL;PENÚLTIMO;2015-01-01;2015-12-31;3.04;Despesas/Receitas Operacionais;-970131.0000000000;S;11966
16.404.287/0001-55;2016-12-31;1;SUZANO S.A.;013986;DF Consolidado - Demonstração do Resultado;REAL;MIL;ÚLTIMO;2016-01-01;2016-12-31;3.04;Despesas/Receitas Operacionais;-1993598.0000000000;S;11967
16.404.287/0001-55;2016-12-31;1;SUZANO S.A.;013986;DF Consolidado - Demonstração do Resultado;REAL;MIL;PENÚLTIMO;2015-01-01;2015-12-31;3.04.01;Despesas com Vendas;-409986.0000000000;S;11968
16.404.287/0001-55;2016-12-31;1;SUZANO S.A.;013986;DF Consolidado - Demonstração do Resultado;REAL;MIL;ÚLTIMO;2016-01-01;2016-12-31;3.04.01;Despesas com Vendas;-408810.0000000000;S;11969
16.404.287/0001-55;2016-12-31;1;SUZANO S.A.;013986;DF Consolidado - Demonstração do Resultado;REAL;MIL;PENÚLTIMO;2015-01-01;2015-12-31;3.04.02;Despesas Gerais e Administrativas;-455629.0000000000;S;11970
16.404.287/0001-55;2016-12-31;1;SUZANO S.A.;013986;DF Consolidado - Demonstração do Resultado;REAL;MIL;ÚLTIMO;2016-01-01;2016-12-31;3.04.02;Despesas Gerais e Administrativas;-427100.0000000000;S;11971
16.404.287/0001-55;2016-12-31;1;SUZANO S.A.;013986;DF Consolidado - Demonstração do Resultado;REAL;MIL;PENÚLTIMO;2015-01-01;2015-12-31;3.04.03;Perdas pela Não Recuperabilidade de Ativos;0.0000000000;S;11972
16.404.287/0001-55;2016-12-31;1;SUZANO S.A.;013986;DF Consolidado - Demonstração do Resultado;REAL;MIL;ÚLTIMO;2016-01-01;2016-12-31;3.04.03;Perdas pela Não Recuperabilidade de Ativos;0.0000000000;S;11973
16.404.287/0001-55;2016-12-31;1;SUZANO S.A.;013986;DF Consolidado - Demonstração do Resultado;REAL;MIL;PENÚLTIMO;2015-01-01;2015-12-31;3.04.04;Outras Receitas Operacionais;30137.0000000000;S;11974
16.404.287/0001-55;2016-12-31;1;SUZANO S.A.;013986;DF Consolidado - Demonstração do Resultado;REAL;MIL;ÚLTIMO;2016-01-01;2016-12-31;3.04.04;Outras Receitas Operacionais;25553.0000000000;S;11975
16.404.287/0001-55;2016-12-31;1;SUZANO S.A.;013986;DF Consolidado - Demonstração do Resultado;REAL;MIL;PENÚLTIMO;2015-01-01;2015-12-31;3.04.05;Outras Despesas Operacionais;-134653.0000000000;S;11976
16.404.287/0001-55;2016-12-31;1;SUZANO S.A.;013986;DF Consolidado - Demonstração do Resultado;REAL;MIL;ÚLTIMO;2016-01-01;2016-12-31;3.04.05;Outras Despesas Operacionais;-1176114.0000000000;S;11977
16.404.287/0001-55;2016-12-31;1;SUZANO S.A.;013986;DF Consolidado - Demonstração do Resultado;REAL;MIL;PENÚLTIMO;2015-01-01;2015-12-31;3.04.06;Resultado de Equivalência Patrimonial;0.0000000000;S;11978
16.404.287/0001-55;2016-12-31;1;SUZANO S.A.;013986;DF Consolidado - Demonstração do Resultado;REAL;MIL;ÚLTIMO;2016-01-01;2016-12-31;3.04.06;Resultado de Equivalência Patrimonial;-7127.0000000000;S;11979
16.404.287/0001-55;2016-12-31;1;SUZANO S.A.;013986;DF Consolidado - Demonstração do Resultado;REAL;MIL;PENÚLTIMO;2015-01-01;2015-12-31;3.05;Resultado Antes do Resultado Financeiro e dos Tributos;3069984.0000000000;S;11980
16.404.287/0001-55;2016-12-31;1;SUZANO S.A.;013986;DF Consolidado - Demonstração do Resultado;REAL;MIL;ÚLTIMO;2016-01-01;2016-12-31;3.05;Resultado Antes do Resultado Financeiro e dos Tributos;1317093.0000000000;S;11981
16.404.287/0001-55;2016-12-31;1;SUZANO S.A.;013986;DF Consolidado - Demonstração do Resultado;REAL;MIL;PENÚLTIMO;2015-01-01;2015-12-31;3.06;Resultado Financeiro;-4428505.0000000000;S;11982
16.404.287/0001-55;2016-12-31;1;SUZANO S.A.;013986;DF Consolidado - Demonstração do Resultado;REAL;MIL;ÚLTIMO;2016-01-01;2016-12-31;3.06;Resultado Financeiro;1101100.0000000000;S;11983
16.404.287/0001-55;2016-12-31;1;SUZANO S.A.;013986;DF Consolidado - Demonstração do Resultado;REAL;MIL;PENÚLTIMO;2015-01-01;2015-12-31;3.06.01;Receitas Financeiras;285380.0000000000;S;11984
16.404.287/0001-55;2016-12-31;1;SUZANO S.A.;013986;DF Consolidado - Demonstração do Resultado;REAL;MIL;ÚLTIMO;2016-01-01;2016-12-31;3.06.01;Receitas Financeiras;2257304.0000000000;S;11985
16.404.287/0001-55;2016-12-31;1;SUZANO S.A.;013986;DF Consolidado - Demonstração do Resultado;REAL;MIL;PENÚLTIMO;2015-01-01;2015-12-31;3.06.02;Despesas Financeiras;-4713885.0000000000;S;11986
16.404.287/0001-55;2016-12-31;1;SUZANO S.A.;013986;DF Consolidado - Demonstração do Resultado;REAL;MIL;ÚLTIMO;2016-01-01;2016-12-31;3.06.02;Despesas Financeiras;-1156204.0000000000;S;11987
16.404.287/0001-55;2016-12-31;1;SUZANO S.A.;013986;DF Consolidado - Demonstração do Resultado;REAL;MIL;PENÚLTIMO;2015-01-01;2015-12-31;3.07;Resultado Antes dos Tributos sobre o Lucro;-1358521.0000000000;S;11988
16.404.287/0001-55;2016-12-31;1;SUZANO S.A.;013986;DF Consolidado - Demonstração do Resultado;REAL;MIL;ÚLTIMO;2016-01-01;2016-12-31;3.07;Resultado Antes dos Tributos sobre o Lucro;2418193.0000000000;S;11989
16.404.287/0001-55;2016-12-31;1;SUZANO S.A.;013986;DF Consolidado - Demonstração do Resultado;REAL;MIL;PENÚLTIMO;2015-01-01;2015-12-31;3.08;Imposto de Renda e Contribuição Social sobre o Lucro;433167.0000000000;S;11990
16.404.287/0001-55;2016-12-31;1;SUZANO S.A.;013986;DF Consolidado - Demonstração do Resultado;REAL;MIL;ÚLTIMO;2016-01-01;2016-12-31;3.08;Imposto de Renda e Contribuição Social sobre o Lucro;-726195.0000000000;S;11991
16.404.287/0001-55;2016-12-31;1;SUZANO S.A.;013986;DF Consolidado - Demonstração do Resultado;REAL;MIL;PENÚLTIMO;2015-01-01;2015-12-31;3.08.01;Corrente;-19052.0000000000;S;11992
16.404.287/0001-55;2016-12-31;1;SUZANO S.A.;013986;DF Consolidado - Demonstração do Resultado;REAL;MIL;ÚLTIMO;2016-01-01;2016-12-31;3.08.01;Corrente;-188817.0000000000;S;11993
16.404.287/0001-55;2016-12-31;1;SUZANO S.A.;013986;DF Consolidado - Demonstração do Resultado;REAL;MIL;PENÚLTIMO;2015-01-01;2015-12-31;3.08.02;Diferido;452219.0000000000;S;11994
16.404.287/0001-55;2016-12-31;1;SUZANO S.A.;013986;DF Consolidado - Demonstração do Resultado;REAL;MIL;ÚLTIMO;2016-01-01;2016-12-31;3.08.02;Diferido;-537378.0000000000;S;11995
16.404.287/0001-55;2016-12-31;1;SUZANO S.A.;013986;DF Consolidado - Demonstração do Resultado;REAL;MIL;PENÚLTIMO;2015-01-01;2015-12-31;3.09;Resultado Líquido das Operações Continuadas;-925354.0000000000;S;11996
16.404.287/0001-55;2016-12-31;1;SUZANO S.A.;013986;DF Consolidado - Demonstração do Resultado;REAL;MIL;ÚLTIMO;2016-01-01;2016-12-31;3.09;Resultado Líquido das Operações Continuadas;1691998.0000000000;S;11997
16.404.287/0001-55;2016-12-31;1;SUZANO S.A.;013986;DF Consolidado - Demonstração do Resultado;REAL;MIL;PENÚLTIMO;2015-01-01;2015-12-31;3.10;Resultado Líquido de Operações Descontinuadas;0.0000000000;S;11998
16.404.287/0001-55;2016-12-31;1;SUZANO S.A.;013986;DF Consolidado - Demonstração do Resultado;REAL;MIL;ÚLTIMO;2016-01-01;2016-12-31;3.10;Resultado Líquido de Operações Descontinuadas;0.0000000000;S;11999
16.404.287/0001-55;2016-12-31;1;SUZANO S.A.;013986;DF Consolidado - Demonstração do Resultado;REAL;MIL;PENÚLTIMO;2015-01-01;2015-12-31;3.10.01;Lucro/Prejuízo Líquido das Operações Descontinuadas;0.0000000000;S;12000
16.404.287/0001-55;2016-12-31;1;SUZANO S.A.;013986;DF Consolidado - Demonstração do Resultado;REAL;MIL;ÚLTIMO;2016-01-01;2016-12-31;3.10.01;Lucro/Prejuízo Líquido das Operações Descontinuadas;0.0000000000;S;12001
16.404.287/0001-55;2016-12-31;1;SUZANO S.A.;013986;DF Consolidado - Demonstração do Resultado;REAL;MIL;PENÚLTIMO;2015-01-01;2015-12-31;3.10.02;Ganhos/Perdas Líquidas sobre Ativos de Operações Descontinuadas;0.0000000000;S;12002
16.404.287/0001-55;2016-12-31;1;SUZANO S.A.;013986;DF Consolidado - Demonstração do Resultado;REAL;MIL;ÚLTIMO;2016-01-01;2016-12-31;3.10.02;Ganhos/Perdas Líquidas sobre Ativos de Operações Descontinuadas;0.0000000000;S;12003
16.404.287/0001-55;2016-12-31;1;SUZANO S.A.;013986;DF Consolidado - Demonstração do Resultado;REAL;MIL;PENÚLTIMO;2015-01-01;2015-12-31;3.11;Lucro/Prejuízo Consolidado do Período;-925354.0000000000;S;12004
16.404.287/0001-55;2016-12-31;1;SUZANO S.A.;013986;DF Consolidado - Demonstração do Resultado;REAL;MIL;ÚLTIMO;2016-01-01;2016-12-31;3.11;Lucro/Prejuízo Consolidado do Período;1691998.0000000000;S;12005
16.404.287/0001-55;2016-12-31;1;SUZANO S.A.;013986;DF Consolidado - Demonstração do Resultado;REAL;MIL;PENÚLTIMO;2015-01-01;2015-12-31;3.11.01;Atribuído a Sócios da Empresa Controladora;-925354.0000000000;S;12006
16.404.287/0001-55;2016-12-31;1;SUZANO S.A.;013986;DF Consolidado - Demonstração do Resultado;REAL;MIL;ÚLTIMO;2016-01-01;2016-12-31;3.11.01;Atribuído a Sócios da Empresa Controladora;1691998.0000000000;S;12007
16.404.287/0001-55;2016-12-31;1;SUZANO S.A.;013986;DF Consolidado - Demonstração do Resultado;REAL;MIL;PENÚLTIMO;2015-01-01;2015-12-31;3.11.02;Atribuído a Sócios Não Controladores;0.0000000000;S;12008
16.404.287/0001-55;2016-12-31;1;SUZANO S.A.;013986;DF Consolidado - Demonstração do Resultado;REAL;MIL;ÚLTIMO;2016-01-01;2016-12-31;3.11.02;Atribuído a Sócios Não Controladores;0.0000000000;S;12009
16.404.287/0001-55;2016-12-31;1;SUZANO S.A.;013986;DF Consolidado - Demonstração do Resultado;REAL;MIL;PENÚLTIMO;2015-01-01;2015-12-31;3.99;Lucro por Ação - (Reais / Ação);0.0000000000;N;12010
16.404.287/0001-55;2016-12-31;1;SUZANO S.A.;013986;DF Consolidado - Demonstração do Resultado;REAL;MIL;ÚLTIMO;2016-01-01;2016-12-31;3.99;Lucro por Ação - (Reais / Ação);0.0000000000;N;12011
16.404.287/0001-55;2016-12-31;1;SUZANO S.A.;013986;DF Consolidado - Demonstração do Resultado;REAL;MIL;PENÚLTIMO;2015-01-01;2015-12-31;3.99.01;Lucro Básico por Ação;0.0000000000;N;12012
16.404.287/0001-55;2016-12-31;1;SUZANO S.A.;013986;DF Consolidado - Demonstração do Resultado;REAL;MIL;ÚLTIMO;2016-01-01;2016-12-31;3.99.01;Lucro Básico por Ação;0.0000000000;N;12013
16.404.287/0001-55;2016-12-31;1;SUZANO S.A.;013986;DF Consolidado - Demonstração do Resultado;REAL;MIL;PENÚLTIMO;2015-01-01;2015-12-31;3.99.01.01;ON;-0.7972800000;N;12014
16.404.287/0001-55;2016-12-31;1;SUZANO S.A.;013986;DF Consolidado - Demonstração do Resultado;REAL;MIL;ÚLTIMO;2016-01-01;2016-12-31;3.99.01.01;ON;1.4553400000;N;12015
16.404.287/0001-55;2016-12-31;1;SUZANO S.A.;013986;DF Consolidado - Demonstração do Resultado;REAL;MIL;PENÚLTIMO;2015-01-01;2015-12-31;3.99.01.02;PNA;-0.8770100000;N;12016
16.404.287/0001-55;2016-12-31;1;SUZANO S.A.;013986;DF Consolidado - Demonstração do Resultado;REAL;MIL;ÚLTIMO;2016-01-01;2016-12-31;3.99.01.02;PNA;1.6008700000;N;12017
16.404.287/0001-55;2016-12-31;1;SUZANO S.A.;013986;DF Consolidado - Demonstração do Resultado;REAL;MIL;PENÚLTIMO;2015-01-01;2015-12-31;3.99.01.03;PNB;-0.8709700000;N;12018
16.404.287/0001-55;2016-12-31;1;SUZANO S.A.;013986;DF Consolidado - Demonstração do Resultado;REAL;MIL;ÚLTIMO;2016-01-01;2016-12-31;3.99.01.03;PNB;1.6000000000;N;12019
16.404.287/0001-55;2016-12-31;1;SUZANO S.A.;013986;DF Consolidado - Demonstração do Resultado;REAL;MIL;PENÚLTIMO;2015-01-01;2015-12-31;3.99.02;Lucro Diluído por Ação;0.0000000000;N;12020
16.404.287/0001-55;2016-12-31;1;SUZANO S.A.;013986;DF Consolidado - Demonstração do Resultado;REAL;MIL;ÚLTIMO;2016-01-01;2016-12-31;3.99.02;Lucro Diluído por Ação;0.0000000000;N;12021
16.404.287/0001-55;2016-12-31;1;SUZANO S.A.;013986;DF Consolidado - Demonstração do Resultado;REAL;MIL;PENÚLTIMO;2015-01-01;2015-12-31;3.99.02.01;ON;-0.7944400000;N;12022
16.404.287/0001-55;2016-12-31;1;SUZANO S.A.;013986;DF Consolidado - Demonstração do Resultado;REAL;MIL;ÚLTIMO;2016-01-01;2016-12-31;3.99.02.01;ON;1.4523400000;N;12023
16.404.287/0001-55;2016-12-31;1;SUZANO S.A.;013986;DF Consolidado - Demonstração do Resultado;REAL;MIL;PENÚLTIMO;2015-01-01;2015-12-31;3.99.02.02;PNA;-0.8784400000;N;12024
16.404.287/0001-55;2016-12-31;1;SUZANO S.A.;013986;DF Consolidado - Demonstração do Resultado;REAL;MIL;ÚLTIMO;2016-01-01;2016-12-31;3.99.02.02;PNA;1.5975800000;N;12025
16.404.287/0001-55;2016-12-31;1;SUZANO S.A.;013986;DF Consolidado - Demonstração do Resultado;REAL;MIL;PENÚLTIMO;2015-01-01;2015-12-31;3.99.02.03;PNB;-0.8709700000;N;12026
16.404.287/0001-55;2016-12-31;1;SUZANO S.A.;013986;DF Consolidado - Demonstração do Resultado;REAL;MIL;ÚLTIMO;2016-01-01;2016-12-31;3.99.02.03;PNB;1.6000000000;N;12027
33.000.167/0001-01;2016-12-31;2;PETROLEO BRASILEIRO S.A. PETROBRAS;009512;DF Consolidado - Demonstração do Resultado;REAL;MIL;PENÚLTIMO;2015-01-01;2015-12-31;3.01;Receita de Venda de Bens e/ou Serviços;321638000.0000000000;S;14370
33.000.167/0001-01;2016-12-31;2;PETROLEO BRASILEIRO S.A. PETROBRAS;009512;DF Consolidado - Demonstração do Resultado;REAL;MIL;ÚLTIMO;2016-01-01;2016-12-31;3.01;Receita de Venda de Bens e/ou Serviços;282589000.0000000000;S;14371
33.000.167/0001-01;2016-12-31;2;PETROLEO BRASILEIRO S.A. PETROBRAS;009512;DF Consolidado - Demonstração do Resultado;REAL;MIL;PENÚLTIMO;2015-01-01;2015-12-31;3.02;Custo dos Bens e/ou Serviços Vendidos;-223062000.0000000000;S;14372
33.000.167/0001-01;2016-12-31;2;PETROLEO BRASILEIRO S.A. PETROBRAS;009512;DF Consolidado - Demonstração do Resultado;REAL;MIL;ÚLTIMO;2016-01-01;2016-12-31;3.02;Custo dos Bens e/ou Serviços Vendidos;-192611000.0000000000;S;14373
33.000.167/0001-01;2016-12-31;2;PETROLEO BRASILEIRO S.A. PETROBRAS;009512;DF Consolidado - Demonstração do Resultado;REAL;MIL;PENÚLTIMO;2015-01-01;2015-12-31;3.03;Resultado Bruto;98576000.0000000000;S;14374
33.000.167/0001-01;2016-12-31;2;PETROLEO BRASILEIRO S.A. PETROBRAS;009512;DF Consolidado - Demonstração do Resultado;REAL;MIL;ÚLTIMO;2016-01-01;2016-12-31;3.03;Resultado Bruto;89978000.0000000000;S;14375
33.000.167/0001-01;2016-12-31;2;PETROLEO BRASILEIRO S.A. PETROBRAS;009512;DF Consolidado - Demonstração do Resultado;REAL;MIL;PENÚLTIMO;2015-01-01;2015-12-31;3.04;Despesas/Receitas Operacionais;-111764000.0000000000;S;14376
33.000.167/0001-01;2016-12-31;2;PETROLEO BRASILEIRO S.A. PETROBRAS;009512;DF Consolidado - Demonstração do Resultado;REAL;MIL;ÚLTIMO;2016-01-01;2016-12-31;3.04;Despesas/Receitas Operacionais;-73496000.0000000000;S;14377
33.000.167/0001-01;2016-12-31;2;PETROLEO BRASILEIRO S.A. PETROBRAS;009512;DF Consolidado - Demonstração do Resultado;REAL;MIL;PENÚLTIMO;2015-01-01;2015-12-31;3.04.01;Despesas com Vendas;-15893000.0000000000;S;14378
33.000.167/0001-01;2016-12-31;2;PETROLEO BRASILEIRO S.A. PETROBRAS;009512;DF Consolidado - Demonstração do Resultado;REAL;MIL;ÚLTIMO;2016-01-01;2016-12-31;3.04.01;Despesas com Vendas;-13825000.0000000000;S;14379
33.000.167/0001-01;2016-12-31;2;PETROLEO BRASILEIRO S.A. PETROBRAS;009512;DF Consolidado - Demonstração do Resultado;REAL;MIL;PENÚLTIMO;2015-01-01;2015-12-31;3.04.02;Despesas Gerais e Administrativas;-11031000.0000000000;S;14380
33.000.167/0001-01;2016-12-31;2;PETROLEO BRASILEIRO S.A. PETROBRAS;009512;DF Consolidado - Demonstração do Resultado;REAL;MIL;ÚLTIMO;2016-01-01;2016-12-31;3.04.02;Despesas Gerais e Administrativas;-11482000.0000000000;S;14381
33.000.167/0001-01;2016-12-31;2;PETROLEO BRASILEIRO S.A. PETROBRAS;009512;DF Consolidado - Demonstração do Resultado;REAL;MIL;PENÚLTIMO;2015-01-01;2015-12-31;3.04.03;Perdas pela Não Recuperabilidade de Ativos;0.0000000000;S;14382
33.000.167/0001-01;2016-12-31;2;PETROLEO BRASILEIRO S.A. PETROBRAS;009512;DF Consolidado - Demonstração do Resultado;REAL;MIL;ÚLTIMO;2016-01-01;2016-12-31;3.04.03;Perdas pela Não Recuperabilidade de Ativos;0.0000000000;S;14383
33.000.167/0001-01;2016-12-31;2;PETROLEO BRASILEIRO S.A. PETROBRAS;009512;DF Consolidado - Demonstração do Resultado;REAL;MIL;PENÚLTIMO;2015-01-01;2015-12-31;3.04.04;Outras Receitas Operacionais;0.0000000000;S;14384
33.000.167/0001-01;2016-12-31;2;PETROLEO BRASILEIRO S.A. PETROBRAS;009512;DF Consolidado - Demonstração do Resultado;REAL;MIL;ÚLTIMO;2016-01-01;2016-12-31;3.04.04;Outras Receitas Operacionais;0.0000000000;S;14385
33.000.167/0001-01;2016-12-31;2;PETROLEO BRASILEIRO S.A. PETROBRAS;009512;DF Consolidado - Demonstração do Resultado;REAL;MIL;PENÚLTIMO;2015-01-01;2015-12-31;3.04.05;Outras Despesas Operacionais;-84043000.0000000000;S;14386
33.000.167/0001-01;2016-12-31;2;PETROLEO BRASILEIRO S.A. PETROBRAS;009512;DF Consolidado - Demonstração do Resultado;REAL;MIL;ÚLTIMO;2016-01-01;2016-12-31;3.04.05;Outras Despesas Operacionais;-47560000.0000000000;S;14387
33.000.167/0001-01;2016-12-31;2;PETROLEO BRASILEIRO S.A. PETROBRAS;009512;DF Consolidado - Demonstração do Resultado;REAL;MIL;PENÚLTIMO;2015-01-01;2015-12-31;3.04.05.01;Tributárias;-9238000.0000000000;N;14388
33.000.167/0001-01;2016-12-31;2;PETROLEO BRASILEIRO S.A. PETROBRAS;009512;DF Consolidado - Demonstração do Resultado;REAL;MIL;ÚLTIMO;2016-01-01;2016-12-31;3.04.05.01;Tributárias;-2456000.0000000000;N;14389
33.000.167/0001-01;2016-12-31;2;PETROLEO BRASILEIRO S.A. PETROBRAS;009512;DF Consolidado - Demonstração do Resultado;REAL;MIL;PENÚLTIMO;2015-01-01;2015-12-31;3.04.05.02;Custo com Pesquisa e Desenvolvimento Tecnológico;-2024000.0000000000;N;14390
33.000.167/0001-01;2016-12-31;2;PETROLEO BRASILEIRO S.A. PETROBRAS;009512;DF Consolidado - Demonstração do Resultado;REAL;MIL;ÚLTIMO;2016-01-01;2016-12-31;3.04.05.02;Custo com Pesquisa e Desenvolvimento Tecnológico;-1826000.0000000000;N;14391
33.000.167/0001-01;2016-12-31;2;PETROLEO BRASILEIRO S.A. PETROBRAS;009512;DF Consolidado - Demonstração do Resultado;REAL;MIL;PENÚLTIMO;2015-01-01;2015-12-31;3.04.05.03;Custo Exploratório para Extração de Petróleo e Gás;-6467000.0000000000;N;14392
33.000.167/0001-01;2016-12-31;2;PETROLEO BRASILEIRO S.A. PETROBRAS;009512;DF Consolidado - Demonstração do Resultado;REAL;MIL;ÚLTIMO;2016-01-01;2016-12-31;3.04.05.03;Custo Exploratório para Extração de Petróleo e Gás;-6056000.0000000000;N;14393
33.000.167/0001-01;2016-12-31;2;PETROLEO BRASILEIRO S.A. PETROBRAS;009512;DF Consolidado - Demonstração do Resultado;REAL;MIL;PENÚLTIMO;2015-01-01;2015-12-31;3.04.05.04;Participação nos Lucros ou Resultados;0.0000000000;N;14394
33.000.167/0001-01;2016-12-31;2;PETROLEO BRASILEIRO S.A. PETROBRAS;009512;DF Consolidado - Demonstração do Resultado;REAL;MIL;ÚLTIMO;2016-01-01;2016-12-31;3.04.05.04;Participação nos Lucros ou Resultados;0.0000000000;N;14395
33.000.167/0001-01;2016-12-31;2;PETROLEO BRASILEIRO S.A. PETROBRAS;009512;DF Consolidado - Demonstração do Resultado;REAL;MIL;PENÚLTIMO;2015-01-01;2015-12-31;3.04.05.05;Outras Despesas/Receitas Operacionais Líquidas;-18638000.0000000000;N;14396
33.000.167/0001-01;2016-12-31;2;PETROLEO BRASILEIRO S.A. PETROBRAS;009512;DF Consolidado - Demonstração do Resultado;REAL;MIL;ÚLTIMO;2016-01-01;2016-12-31;3.04.05.05;Outras Despesas/Receitas Operacionais Líquidas;-16925000.0000000000;N;14397
33.000.167/0001-01;2016-12-31;2;PETROLEO BRASILEIRO S.A. PETROBRAS;009512;DF Consolidado - Demonstração do Resultado;REAL;MIL;PENÚLTIMO;2015-01-01;2015-12-31;3.04.05.06;Baixa de gastos adicionais capitalizados indevidamente;0.0000000000;N;14398
33.000.167/0001-01;2016-12-31;2;PETROLEO BRASILEIRO S.A. PETROBRAS;009512;DF Consolidado - Demonstração do Resultado;REAL;MIL;ÚLTIMO;2016-01-01;2016-12-31;3.04.05.06;Baixa de gastos adicionais capitalizados indevidamente;0.0000000000;N;14399
33.000.167/0001-01;2016-12-31;2;PETROLEO BRASILEIRO S.A. PETROBRAS;009512;DF Consolidado - Demonstração do Resultado;REAL;MIL;PENÚLTIMO;2015-01-01;2015-12-31;3.04.05.07;Reversão/Perdas no valor de recuperação de ativos - Impairment;-47676000.0000000000;N;14400
33.000.167/0001-01;2016-12-31;2;PETROLEO BRASILEIRO S.A. PETROBRAS;009512;DF Consolidado - Demonstração do Resultado;REAL;MIL;ÚLTIMO;2016-01-01;2016-12-31;3.04.05.07;Reversão/Perdas no valor de recuperação de ativos - Impairment;-20297000.0000000000;N;14401
33.000.167/0001-01;2016-12-31;2;PETROLEO BRASILEIRO S.A. PETROBRAS;009512;DF Consolidado - Demonstração do Resultado;REAL;MIL;PENÚLTIMO;2015-01-01;2015-12-31;3.04.06;Resultado de Equivalência Patrimonial;-797000.0000000000;S;14402
33.000.167/0001-01;2016-12-31;2;PETROLEO BRASILEIRO S.A. PETROBRAS;009512;DF Consolidado - Demonstração do Resultado;REAL;MIL;ÚLTIMO;2016-01-01;2016-12-31;3.04.06;Resultado de Equivalência Patrimonial;-629000.0000000000;S;14403
33.000.167/0001-01;2016-12-31;2;PETROLEO BRASILEIRO S.A. PETROBRAS;009512;DF Consolidado - Demonstração do Resultado;REAL;MIL;PENÚLTIMO;2015-01-01;2015-12-31;3.05;Resultado Antes do Resultado Financeiro e dos Tributos;-13188000.0000000000;S;14404
33.000.167/0001-01;2016-12-31;2;PETROLEO BRASILEIRO S.A. PETROBRAS;009512;DF Consolidado - Demonstração do Resultado;REAL;MIL;ÚLTIMO;2016-01-01;2016-12-31;3.05;Resultado Antes do Resultado Financeiro e dos Tributos;16482000.0000000000;S;14405
33.000.167/0001-01;2016-12-31;2;PETROLEO BRASILEIRO S.A. PETROBRAS;009512;DF Consolidado - Demonstração do Resultado;REAL;MIL;PENÚLTIMO;2015-01-01;2015-12-31;3.06;Resultado Financeiro;-28041000.0000000000;S;14406
33.000.167/0001-01;2016-12-31;2;PETROLEO BRASILEIRO S.A. PETROBRAS;009512;DF Consolidado - Demonstração do Resultado;REAL;MIL;ÚLTIMO;2016-01-01;2016-12-31;3.06;Resultado Financeiro;-27185000.0000000000;S;14407
33.000.167/0001-01;2016-12-31;2;PETROLEO BRASILEIRO S.A. PETROBRAS;009512;DF Consolidado - Demonstração do Resultado;REAL;MIL;PENÚLTIMO;2015-01-01;2015-12-31;3.06.01;Receitas Financeiras;4867000.0000000000;S;14408
33.000.167/0001-01;2016-12-31;2;PETROLEO BRASILEIRO S.A. PETROBRAS;009512;DF Consolidado - Demonstração do Resultado;REAL;MIL;ÚLTIMO;2016-01-01;2016-12-31;3.06.01;Receitas Financeiras;3638000.0000000000;S;14409
33.000.167/0001-01;2016-12-31;2;PETROLEO BRASILEIRO S.A. PETROBRAS;009512;DF Consolidado - Demonstração do Resultado;REAL;MIL;PENÚLTIMO;2015-01-01;2015-12-31;3.06.01.01;Receitas Financeiras;4867000.0000000000;N;14410
33.000.167/0001-01;2016-12-31;2;PETROLEO BRASILEIRO S.A. PETROBRAS;009512;DF Consolidado - Demonstração do Resultado;REAL;MIL;ÚLTIMO;2016-01-01;2016-12-31;3.06.01.01;Receitas Financeiras;3638000.0000000000;N;14411
33.000.167/0001-01;2016-12-31;2;PETROLEO BRASILEIRO S.A. PETROBRAS;009512;DF Consolidado - Demonstração do Resultado;REAL;MIL;PENÚLTIMO;2015-01-01;2015-12-31;3.06.01.02;Variações Monetárias e Cambiais Líquidas;0.0000000000;N;14412
33.000.167/0001-01;2016-12-31;2;PETROLEO BRASILEIRO S.A. PETROBRAS;009512;DF Consolidado - Demonstração do Resultado;REAL;MIL;ÚLTIMO;2016-01-01;2016-12-31;3.06.01.02;Variações Monetárias e Cambiais Líquidas;0.0000000000;N;14413
33.000.167/0001-01;2016-12-31;2;PETROLEO BRASILEIRO S.A. PETROBRAS;009512;DF Consolidado - Demonstração do Resultado;REAL;MIL;PENÚLTIMO;2015-01-01;2015-12-31;3.06.02;Despesas Financeiras;-32908000.0000000000;S;14414
33.000.167/0001-01;2016-12-31;2;PETROLEO BRASILEIRO S.A. PETROBRAS;009512;DF Consolidado - Demonstração do Resultado;REAL;MIL;ÚLTIMO;2016-01-01;2016-12-31;3.06.02;Despesas Financeiras;-30823000.0000000000;S;14415
33.000.167/0001-01;2016-12-31;2;PETROLEO BRASILEIRO S.A. PETROBRAS;009512;DF Consolidado - Demonstração do Resultado;REAL;MIL;PENÚLTIMO;2015-01-01;2015-12-31;3.06.02.01;Despesas Financeiras;-21545000.0000000000;N;14416
33.000.167/0001-01;2016-12-31;2;PETROLEO BRASILEIRO S.A. PETROBRAS;009512;DF Consolidado - Demonstração do Resultado;REAL;MIL;ÚLTIMO;2016-01-01;2016-12-31;3.06.02.01;Despesas Financeiras;-24176000.0000000000;N;14417
33.000.167/0001-01;2016-12-31;2;PETROLEO BRASILEIRO S.A. PETROBRAS;009512;DF Consolidado - Demonstração do Resultado;REAL;MIL;PENÚLTIMO;2015-01-01;2015-12-31;3.06.02.02;Variações Monetárias e Cambiais Líquidas;-11363000.0000000000;N;14418
33.000.167/0001-01;2016-12-31;2;PETROLEO BRASILEIRO S.A. PETROBRAS;009512;DF Consolidado - Demonstração do Resultado;REAL;MIL;ÚLTIMO;2016-01-01;2016-12-31;3.06.02.02;Variações Monetárias e Cambiais Líquidas;-6647000.0000000000;N;14419
33.000.167/0001-01;2016-12-31;2;PETROLEO BRASILEIRO S.A. PETROBRAS;009512;DF Consolidado - Demonstração do Resultado;REAL;MIL;PENÚLTIMO;2015-01-01;2015-12-31;3.07;Resultado Antes dos Tributos sobre o Lucro;-41229000.0000000000;S;14420
33.000.167/0001-01;2016-12-31;2;PETROLEO BRASILEIRO S.A. PETROBRAS;009512;DF Consolidado - Demonstração do Resultado;REAL;MIL;ÚLTIMO;2016-01-01;2016-12-31;3.07;Resultado Antes dos Tributos sobre o Lucro;-10703000.0000000000;S;14421
33.000.167/0001-01;2016-12-31;2;PETROLEO BRASILEIRO S.A. PETROBRAS;009512;DF Consolidado - Demonstração do Resultado;REAL;MIL;PENÚLTIMO;2015-01-01;2015-12-31;3.08;Imposto de Renda e Contribuição Social sobre o Lucro;6058000.0000000000;S;14422
33.000.167/0001-01;2016-12-31;2;PETROLEO BRASILEIRO S.A. PETROBRAS;009512;DF Consolidado - Demonstração do Resultado;REAL;MIL;ÚLTIMO;2016-01-01;2016-12-31;3.08;Imposto de Renda e Contribuição Social sobre o Lucro;-2342000.0000000000;S;14423
33.000.167/0001-01;2016-12-31;2;PETROLEO BRASILEIRO S.A. PETROBRAS;009512;DF Consolidado - Demonstração do Resultado;REAL;MIL;PENÚLTIMO;2015-01-01;2015-12-31;3.08.01;Corrente;-2853000.0000000000;S;14424
33.000.167/0001-01;2016-12-31;2;PETROLEO BRASILEIRO S.A. PETROBRAS;009512;DF Consolidado - Demonstração do Resultado;REAL;MIL;ÚLTIMO;2016-01-01;2016-12-31;3.08.01;Corrente;-5622000.0000000000;S;14425
33.000.167/0001-01;2016-12-31;2;PETROLEO BRASILEIRO S.A. PETROBRAS;009512;DF Consolidado - Demonstração do Resultado;REAL;MIL;PENÚLTIMO;2015-01-01;2015-12-31;3.08.02;Diferido;8911000.0000000000;S;14426
33.000.167/0001-01;2016-12-31;2;PETROLEO BRASILEIRO S.A. PETROBRAS;009512;DF Consolidado - Demonstração do Resultado;REAL;MIL;ÚLTIMO;2016-01-01;2016-12-31;3.08.02;Diferido;3280000.0000000000;S;14427
33.000.167/0001-01;2016-12-31;2;PETROLEO BRASILEIRO S.A. PETROBRAS;009512;DF Consolidado - Demonstração do Resultado;REAL;MIL;PENÚLTIMO;2015-01-01;2015-12-31;3.09;Resultado Líquido das Operações Continuadas;-35171000.0000000000;S;14428
33.000.167/0001-01;2016-12-31;2;PETROLEO BRASILEIRO S.A. PETROBRAS;009512;DF Consolidado - Demonstração do Resultado;REAL;MIL;ÚLTIMO;2016-01-01;2016-12-31;3.09;Resultado Líquido das Operações Continuadas;-13045000.0000000000;S;14429
33.000.167/0001-01;2016-12-31;2;PETROLEO BRASILEIRO S.A. PETROBRAS;009512;DF Consolidado - Demonstração do Resultado;REAL;MIL;PENÚLTIMO;2015-01-01;2015-12-31;3.10;Resultado Líquido de Operações Descontinuadas;0.0000000000;S;14430
33.000.167/0001-01;2016-12-31;2;PETROLEO BRASILEIRO S.A. PETROBRAS;009512;DF Consolidado - Demonstração do Resultado;REAL;MIL;ÚLTIMO;2016-01-01;2016-12-31;3.10;Resultado Líquido de Operações Descontinuadas;0.0000000000;S;14431
33.000.167/0001-01;2016-12-31;2;PETROLEO BRASILEIRO S.A. PETROBRAS;009512;DF Consolidado - Demonstração do Resultado;REAL;MIL;PENÚLTIMO;2015-01-01;2015-12-31;3.10.01;Lucro/Prejuízo Líquido das Operações Descontinuadas;0.0000000000;S;14432
33.000.167/0001-01;2016-12-31;2;PETROLEO BRASILEIRO S.A. PETROBRAS;009512;DF Consolidado - Demonstração do Resultado;REAL;MIL;ÚLTIMO;2016-01-01;2016-12-31;3.10.01;Lucro/Prejuízo Líquido das Operações Descontinuadas;0.0000000000;S;14433
33.000.167/0001-01;2016-12-31;2;PETROLEO BRASILEIRO S.A. PETROBRAS;009512;DF Consolidado - Demonstração do Resultado;REAL;MIL;PENÚLTIMO;2015-01-01;2015-12-31;3.10.02;Ganhos/Perdas Líquidas sobre Ativos de Operações Descontinuadas;0.0000000000;S;14434
33.000.167/0001-01;2016-12-31;2;PETROLEO BRASILEIRO S.A. PETROBRAS;009512;DF Consolidado - Demonstração do Resultado;REAL;MIL;ÚLTIMO;2016-01-01;2016-12-31;3.10.02;Ganhos/Perdas Líquidas sobre Ativos de Operações Descontinuadas;0.0000000000;S;14435
33.000.167/0001-01;2016-12-31;2;PETROLEO BRASILEIRO S.A. PETROBRAS;009512;DF Consolidado - Demonstração do Resultado;REAL;MIL;PENÚLTIMO;2015-01-01;2015-12-31;3.11;Lucro/Prejuízo Consolidado do Período;-35171000.0000000000;S;14436
33.000.167/0001-01;2016-12-31;2;PETROLEO BRASILEIRO S.A. PETROBRAS;009512;DF Consolidado - Demonstração do Resultado;REAL;MIL;ÚLTIMO;2016-01-01;2016-12-31;3.11;Lucro/Prejuízo Consolidado do Período;-13045000.0000000000;S;14437
33.000.167/0001-01;2016-12-31;2;PETROLEO BRASILEIRO S.A. PETROBRAS;009512;DF Consolidado - Demonstração do Resultado;REAL;MIL;PENÚLTIMO;2015-01-01;2015-12-31;3.11.01;Atribuído a Sócios da Empresa Controladora;-34836000.0000000000;S;14438
33.000.167/0001-01;2016-12-31;2;PETROLEO BRASILEIRO S.A. PETROBRAS;009512;DF Consolidado - Demonstração do Resultado;REAL;MIL;ÚLTIMO;2016-01-01;2016-12-31;3.11.01;Atribuído a Sócios da Empresa Controladora;-14824000.0000000000;S;14439
33.000.167/0001-01;2016-12-31;2;PETROLEO BRASILEIRO S.A. PETROBRAS;009512;DF Consolidado - Demonstração do Resultado;REAL;MIL;PENÚLTIMO;2015-01-01;2015-12-31;3.11.02;Atribuído a Sócios Não Controladores;-335000.0000000000;S;14440
33.000.167/0001-01;2016-12-31;2;PETROLEO BRASILEIRO S.A. PETROBRAS;009512;DF Consolidado - Demonstração do Resultado;REAL;MIL;ÚLTIMO;2016-01-01;2016-12-31;3.11.02;Atribuído a Sócios Não Controladores;1779000.0000000000;S;14441
33.000.167/0001-01;2016-12-31;2;PETROLEO BRASILEIRO S.A. PETROBRAS;009512;DF Consolidado - Demonstração do Resultado;REAL;MIL;PENÚLTIMO;2015-01-01;2015-12-31;3.99;Lucro por Ação - (Reais / Ação);0.0000000000;N;14442
33.000.167/0001-01;2016-12-31;2;PETROLEO BRASILEIRO S.A. PETROBRAS;009512;DF Consolidado - Demonstração do Resultado;REAL;MIL;ÚLTIMO;2016-01-01;2016-12-31;3.99;Lucro por Ação - (Reais / Ação);0.0000000000;N;14443
33.000.167/0001-01;2016-12-31;2;PETROLEO BRASILEIRO S.A. PETROBRAS;009512;DF Consolidado - Demonstração do Resultado;REAL;MIL;PENÚLTIMO;2015-01-01;2015-12-31;3.99.01;Lucro Básico por Ação;0.0000000000;N;14444
33.000.167/0001-01;2016-12-31;2;PETROLEO BRASILEIRO S.A. PETROBRAS;009512;DF Consolidado - Demonstração do Resultado;REAL;MIL;ÚLTIMO;2016-01-01;2016-12-31;3.99.01;Lucro Básico por Ação;0.0000000000;N;14445
33.000.167/0001-01;2016-12-31;2;PETROLEO BRASILEIRO S.A. PETROBRAS;009512;DF Consolidado - Demonstração do Resultado;REAL;MIL;PENÚLTIMO;2015-01-01;2015-12-31;3.99.01.01;ON;-2.6700000000;N;14446
33.000.167/0001-01;2016-12-31;2;PETROLEO BRASILEIRO S.A. PETROBRAS;009512;DF Consolidado - Demonstração do Resultado;REAL;MIL;ÚLTIMO;2016-01-01;2016-12-31;3.99.01.01;ON;-1.1400000000;N;14447
33.000.167/0001-01;2016-12-31;2;PETROLEO BRASILEIRO S.A. PETROBRAS;009512;DF Consolidado - Demonstração do Resultado;REAL;MIL;PENÚLTIMO;2015-01-01;2015-12-31;3.99.01.02;PN;-2.6700000000;N;14448
33.000.167/0001-01;2016-12-31;2;PETROLEO BRASILEIRO S.A. PETROBRAS;009512;DF Consolidado - Demonstração do Resultado;REAL;MIL;ÚLTIMO;2016-01-01;2016-12-31;3.99.01.02;PN;-1.1400000000;N;14449
33.000.167/0001-01;2016-12-31;2;PETROLEO BRASILEIRO S.A. PETROBRAS;009512;DF Consolidado - Demonstração do Resultado;REAL;MIL;PENÚLTIMO;2015-01-01;2015-12-31;3.99.02;Lucro Diluído por Ação;0.0000000000;N;14450
33.000.167/0001-01;2016-12-31;2;PETROLEO BRASILEIRO S.A. PETROBRAS;009512;DF Consolidado - Demonstração do Resultado;REAL;MIL;ÚLTIMO;2016-01-01;2016-12-31;3.99.02;Lucro Diluído por Ação;0.0000000000;N;14451
33.000.167/0001-01;2016-12-31;2;PETROLEO BRASILEIRO S.A. PETROBRAS;009512;DF Consolidado - Demonstração do Resultado;REAL;MIL;PENÚLTIMO;2015-01-01;2015-12-31;3.99.02.01;ON;-2.6700000000;N;14452
33.000.167/0001-01;2016-12-31;2;PETROLEO BRASILEIRO S.A. PETROBRAS;009512;DF Consolidado - Demonstração do Resultado;REAL;MIL;ÚLTIMO;2016-01-01;2016-12-31;3.99.02.01;ON;-1.1400000000;N;14453
33.000.167/0001-01;2016-12-31;2;PETROLEO BRASILEIRO S.A. PETROBRAS;009512;DF Consolidado - Demonstração do Resultado;REAL;MIL;PENÚLTIMO;2015-01-01;2015-12-31;3.99.02.02;PN;-2.6700000000;N;14454
33.000.167/0001-01;2016-12-31;2;PETROLEO BRASILEIRO S.A. PETROBRAS;009512;DF Consolidado - Demonstração do Resultado;REAL;MIL;ÚLTIMO;2016-01-01;2016-12-31;3.99.02.02;PN;-1.1400000000;N;14455
33.042.730/0001-04;2016-12-31;1;CIA SIDERURGICA NACIONAL;004030;DF Consolidado - Demonstração do Resultado;REAL;MIL;PENÚLTIMO;2015-01-01;2015-12-31;3.01;Receita de Venda de Bens e/ou Serviços;15261697.0000000000;S;14754
33.042.730/0001-04;2016-12-31;1;CIA SIDERURGICA NACIONAL;004030;DF Consolidado - Demonstração do Resultado;REAL;MIL;ÚLTIMO;2016-01-01;2016-12-31;3.01;Receita de Venda de Bens e/ou Serviços;17148949.0000000000;S;14755
33.042.730/0001-04;2016-12-31;1;CIA SIDERURGICA NACIONAL;004030;DF Consolidado - Demonstração do Resultado;REAL;MIL;PENÚLTIMO;2015-01-01;2015-12-31;3.02;Custo dos Bens e/ou Serviços Vendidos;-11740101.0000000000;S;14756
33.042.730/0001-04;2016-12-31;1;CIA SIDERURGICA NACIONAL;004030;DF Consolidado - Demonstração do Resultado;REAL;MIL;ÚLTIMO;2016-01-01;2016-12-31;3.02;Custo dos Bens e/ou Serviços Vendidos;-12640042.0000000000;S;14757
33.042.730/0001-04;2016-12-31;1;CIA SIDERURGICA NACIONAL;004030;DF Consolidado - Demonstração do Resultado;REAL;MIL;PENÚLTIMO;2015-01-01;2015-12-31;3.03;Resultado Bruto;3521596.0000000000;S;14758
33.042.730/0001-04;2016-12-31;1;CIA SIDERURGICA NACIONAL;004030;DF Consolidado - Demonstração do Resultado;REAL;MIL;ÚLTIMO;2016-01-01;2016-12-31;3.03;Resultado Bruto;4508907.0000000000;S;14759
33.042.730/0001-04;2016-12-31;1;CIA SIDERURGICA NACIONAL;004030;DF Consolidado - Demonstração do Resultado;REAL;MIL;PENÚLTIMO;2015-01-01;2015-12-31;3.04;Despesas/Receitas Operacionais;1528907.0000000000;S;14760
33.042.730/0001-04;2016-12-31;1;CIA SIDERURGICA NACIONAL;004030;DF Consolidado - Demonstração do Resultado;REAL;MIL;ÚLTIMO;2016-01-01;2016-12-31;3.04;Despesas/Receitas Operacionais;-2563431.0000000000;S;14761
33.042.730/0001-04;2016-12-31;1;CIA SIDERURGICA NACIONAL;004030;DF Consolidado - Demonstração do Resultado;REAL;MIL;PENÚLTIMO;2015-01-01;2015-12-31;3.04.01;Despesas com Vendas;-1430189.0000000000;S;14762
33.042.730/0001-04;2016-12-31;1;CIA SIDERURGICA NACIONAL;004030;DF Consolidado - Demonstração do Resultado;REAL;MIL;ÚLTIMO;2016-01-01;2016-12-31;3.04.01;Despesas com Vendas;-1696896.0000000000;S;14763
33.042.730/0001-04;2016-12-31;1;CIA SIDERURGICA NACIONAL;004030;DF Consolidado - Demonstração do Resultado;REAL;MIL;PENÚLTIMO;2015-01-01;2015-12-31;3.04.02;Despesas Gerais e Administrativas;-470332.0000000000;S;14764
33.042.730/0001-04;2016-12-31;1;CIA SIDERURGICA NACIONAL;004030;DF Consolidado - Demonstração do Resultado;REAL;MIL;ÚLTIMO;2016-01-01;2016-12-31;3.04.02;Despesas Gerais e Administrativas;-518232.0000000000;S;14765
33.042.730/0001-04;2016-12-31;1;CIA SIDERURGICA NACIONAL;004030;DF Consolidado - Demonstração do Resultado;REAL;MIL;PENÚLTIMO;2015-01-01;2015-12-31;3.04.03;Perdas pela Não Recuperabilidade de Ativos;0.0000000000;S;14766
33.042.730/0001-04;2016-12-31;1;CIA SIDERURGICA NACIONAL;004030;DF Consolidado - Demonstração do Resultado;REAL;MIL;ÚLTIMO;2016-01-01;2016-12-31;3.04.03;Perdas pela Não Recuperabilidade de Ativos;0.0000000000;S;14767
33.042.730/0001-04;2016-12-31;1;CIA SIDERURGICA NACIONAL;004030;DF Consolidado - Demonstração do Resultado;REAL;MIL;PENÚLTIMO;2015-01-01;2015-12-31;3.04.04;Outras Receitas Operacionais;3610347.0000000000;S;14768
33.042.730/0001-04;2016-12-31;1;CIA SIDERURGICA NACIONAL;004030;DF Consolidado - Demonstração do Resultado;REAL;MIL;ÚLTIMO;2016-01-01;2016-12-31;3.04.04;Outras Receitas Operacionais;663509.0000000000;S;14769
33.042.730/0001-04;2016-12-31;1;CIA SIDERURGICA NACIONAL;004030;DF Consolidado - Demonstração do Resultado;REAL;MIL;PENÚLTIMO;2015-01-01;2015-12-31;3.04.05;Outras Despesas Operacionais;-1341191.0000000000;S;14770
33.042.730/0001-04;2016-12-31;1;CIA SIDERURGICA NACIONAL;004030;DF Consolidado - Demonstração do Resultado;REAL;MIL;ÚLTIMO;2016-01-01;2016-12-31;3.04.05;Outras Despesas Operacionais;-1076730.0000000000;S;14771
33.042.730/0001-04;2016-12-31;1;CIA SIDERURGICA NACIONAL;004030;DF Consolidado - Demonstração do Resultado;REAL;MIL;PENÚLTIMO;2015-01-01;2015-12-31;3.04.06;Resultado de Equivalência Patrimonial;1160272.0000000000;S;14772
33.042.730/0001-04;2016-12-31;1;CIA SIDERURGICA NACIONAL;004030;DF Consolidado - Demonstração do Resultado;REAL;MIL;ÚLTIMO;2016-01-01;2016-12-31;3.04.06;Resultado de Equivalência Patrimonial;64918.0000000000;S;14773
33.042.730/0001-04;2016-12-31;1;CIA SIDERURGICA NACIONAL;004030;DF Consolidado - Demonstração do Resultado;REAL;MIL;PENÚLTIMO;2015-01-01;2015-12-31;3.05;Resultado Antes do Resultado Financeiro e dos Tributos;5050503.0000000000;S;14774
33.042.730/0001-04;2016-12-31;1;CIA SIDERURGICA NACIONAL;004030;DF Consolidado - Demonstração do Resultado;REAL;MIL;ÚLTIMO;2016-01-01;2016-12-31;3.05;Resultado Antes do Resultado Financeiro e dos Tributos;1945476.0000000000;S;14775
33.042.730/0001-04;2016-12-31;1;CIA SIDERURGICA NACIONAL;004030;DF Consolidado - Demonstração do Resultado;REAL;MIL;PENÚLTIMO;2015-01-01;2015-12-31;3.06;Resultado Financeiro;-3365162.0000000000;S;14776
33.042.730/0001-04;2016-12-31;1;CIA SIDERURGICA NACIONAL;004030;DF Consolidado - Demonstração do Resultado;REAL;MIL;ÚLTIMO;2016-01-01;2016-12-31;3.06;Resultado Financeiro;-2522427.0000000000;S;14777
33.042.730/0001-04;2016-12-31;1;CIA SIDERURGICA NACIONAL;004030;DF Consolidado - Demonstração do Resultado;REAL;MIL;PENÚLTIMO;2015-01-01;2015-12-31;3.06.01;Receitas Financeiras;487720.0000000000;S;14778
33.042.730/0001-04;2016-12-31;1;CIA SIDERURGICA NACIONAL;004030;DF Consolidado - Demonstração do Resultado;REAL;MIL;ÚLTIMO;2016-01-01;2016-12-31;3.06.01;Receitas Financeiras;643590.0000000000;S;14779
33.042.730/0001-04;2016-12-31;1;CIA SIDERURGICA NACIONAL;004030;DF Consolidado - Demonstração do Resultado;REAL;MIL;PENÚLTIMO;2015-01-01;2015-12-31;3.06.02;Despesas Financeiras;-3852882.0000000000;S;14780
33.042.730/0001-04;2016-12-31;1;CIA SIDERURGICA NACIONAL;004030;DF Consolidado - Demonstração do Resultado;REAL;MIL;ÚLTIMO;2016-01-01;2016-12-31;3.06.02;Despesas Financeiras;-3166017.0000000000;S;14781
33.042.730/0001-04;2016-12-31;1;CIA SIDERURGICA NACIONAL;004030;DF Consolidado - Demonstração do Resultado;REAL;MIL;PENÚLTIMO;2015-01-01;2015-12-31;3.06.02.01;Variação Cambial Líquida de Instrumentos Financeiros;-727909.0000000000;N;14782
33.042.730/0001-04;2016-12-31;1;CIA SIDERURGICA NACIONAL;004030;DF Consolidado - Demonstração do Resultado;REAL;MIL;ÚLTIMO;2016-01-01;2016-12-31;3.06.02.01;Variação Cambial Líquida de Instrumentos Financeiros;116948.0000000000;N;14783
33.042.730/0001-04;2016-12-31;1;CIA SIDERURGICA NACIONAL;004030;DF Consolidado - Demonstração do Resultado;REAL;MIL;PENÚLTIMO;2015-01-01;2015-12-31;3.06.02.02;Despesas Financeiras;-3124973.0000000000;N;14784
33.042.730/0001-04;2016-12-31;1;CIA SIDERURGICA NACIONAL;004030;DF Consolidado - Demonstração do Resultado;REAL;MIL;ÚLTIMO;2016-01-01;2016-12-31;3.06.02.02;Despesas Financeiras;-3282965.0000000000;N;14785
33.042.730/0001-04;2016-12-31;1;CIA SIDERURGICA NACIONAL;004030;DF Consolidado - Demonstração do Resultado;REAL;MIL;PENÚLTIMO;2015-01-01;2015-12-31;3.07;Resultado Antes dos Tributos sobre o Lucro;1685341.0000000000;S;14786
33.042.730/0001-04;2016-12-31;1;CIA SIDERURGICA NACIONAL;004030;DF Consolidado - Demonstração do Resultado;REAL;MIL;ÚLTIMO;2016-01-01;2016-12-31;3.07;Resultado Antes dos Tributos sobre o Lucro;-576951.0000000000;S;14787
33.042.730/0001-04;2016-12-31;1;CIA SIDERURGICA NACIONAL;004030;DF Consolidado - Demonstração do Resultado;REAL;MIL;PENÚLTIMO;2015-01-01;2015-12-31;3.08;Imposto de Renda e Contribuição Social sobre o Lucro;-2903216.0000000000;S;14788
33.042.730/0001-04;2016-12-31;1;CIA SIDERURGICA NACIONAL;004030;DF Consolidado - Demonstração do Resultado;REAL;MIL;ÚLTIMO;2016-01-01;2016-12-31;3.08;Imposto de Renda e Contribuição Social sobre o Lucro;-266546.0000000000;S;14789
33.042.730/0001-04;2016-12-31;1;CIA SIDERURGICA NACIONAL;004030;DF Consolidado - Demonstração do Resultado;REAL;MIL;PENÚLTIMO;2015-01-01;2015-12-31;3.08.01;Corrente;0.0000000000;S;14790
33.042.730/0001-04;2016-12-31;1;CIA SIDERURGICA NACIONAL;004030;DF Consolidado - Demonstração do Resultado;REAL;MIL;ÚLTIMO;2016-01-01;2016-12-31;3.08.01;Corrente;0.0000000000;S;14791
33.042.730/0001-04;2016-12-31;1;CIA SIDERURGICA NACIONAL;004030;DF Consolidado - Demonstração do Resultado;REAL;MIL;PENÚLTIMO;2015-01-01;2015-12-31;3.08.02;Diferido;0.0000000000;S;14792
33.042.730/0001-04;2016-12-31;1;CIA SIDERURGICA NACIONAL;004030;DF Consolidado - Demonstração do Resultado;REAL;MIL;ÚLTIMO;2016-01-01;2016-12-31;3.08.02;Diferido;0.0000000000;S;14793
33.042.730/0001-04;2016-12-31;1;CIA SIDERURGICA NACIONAL;004030;DF Consolidado - Demonstração do Resultado;REAL;MIL;PENÚLTIMO;2015-01-01;2015-12-31;3.09;Resultado Líquido das Operações Continuadas;-1217875.0000000000;S;14794
33.042.730/0001-04;2016-12-31;1;CIA SIDERURGICA NACIONAL;004030;DF Consolidado - Demonstração do Resultado;REAL;MIL;ÚLTIMO;2016-01-01;2016-12-31;3.09;Resultado Líquido das Operações Continuadas;-843497.0000000000;S;14795
33.042.730/0001-04;2016-12-31;1;CIA SIDERURGICA NACIONAL;004030;DF Consolidado - Demonstração do Resultado;REAL;MIL;PENÚLTIMO;2015-01-01;2015-12-31;3.10;Resultado Líquido de Operações Descontinuadas;1911.0000000000;S;14796
33.042.730/0001-04;2016-12-31;1;CIA SIDERURGICA NACIONAL;004030;DF Consolidado - Demonstração do Resultado;REAL;MIL;ÚLTIMO;2016-01-01;2016-12-31;3.10;Resultado Líquido de Operações Descontinuadas;-9561.0000000000;S;14797
33.042.730/0001-04;2016-12-31;1;CIA SIDERURGICA NACIONAL;004030;DF Consolidado - Demonstração do Resultado;REAL;MIL;PENÚLTIMO;2015-01-01;2015-12-31;3.10.01;Lucro/Prejuízo Líquido das Operações Descontinuadas;0.0000000000;S;14798
33.042.730/0001-04;2016-12-31;1;CIA SIDERURGICA NACIONAL;004030;DF Consolidado - Demonstração do Resultado;REAL;MIL;ÚLTIMO;2016-01-01;2016-12-31;3.10.01;Lucro/Prejuízo Líquido das Operações Descontinuadas;0.0000000000;S;14799
33.042.730/0001-04;2016-12-31;1;CIA SIDERURGICA NACIONAL;004030;DF Consolidado - Demonstração do Resultado;REAL;MIL;PENÚLTIMO;2015-01-01;2015-12-31;3.10.02;Ganhos/Perdas Líquidas sobre Ativos de Operações Descontinuadas;0.0000000000;S;14800
33.042.730/0001-04;2016-12-31;1;CIA SIDERURGICA NACIONAL;004030;DF Consolidado - Demonstração do Resultado;REAL;MIL;ÚLTIMO;2016-01-01;2016-12-31;3.10.02;Ganhos/Perdas Líquidas sobre Ativos de Operações Descontinuadas;0.0000000000;S;14801
33.042.730/0001-04;2016-12-31;1;CIA SIDERURGICA NACIONAL;004030;DF Consolidado - Demonstração do Resultado;REAL;MIL;PENÚLTIMO;2015-01-01;2015-12-31;3.11;Lucro/Prejuízo Consolidado do Período;-1215964.0000000000;S;14802
33.042.730/0001-04;2016-12-31;1;CIA SIDERURGICA NACIONAL;004030;DF Consolidado - Demonstração do Resultado;REAL;MIL;ÚLTIMO;2016-01-01;2016-12-31;3.11;Lucro/Prejuízo Consolidado do Período;-853058.0000000000;S;14803
33.042.730/0001-04;2016-12-31;1;CIA SIDERURGICA NACIONAL;004030;DF Consolidado - Demonstração do Resultado;REAL;MIL;PENÚLTIMO;2015-01-01;2015-12-31;3.11.01;Atribuído a Sócios da Empresa Controladora;-1214122.0000000000;S;14804
33.042.730/0001-04;2016-12-31;1;CIA SIDERURGICA NACIONAL;004030;DF Consolidado - Demonstração do Resultado;REAL;MIL;ÚLTIMO;2016-01-01;2016-12-31;3.11.01;Atribuído a Sócios da Empresa Controladora;-934747.0000000000;S;14805
33.042.730/0001-04;2016-12-31;1;CIA SIDERURGICA NACIONAL;004030;DF Consolidado - Demonstração do Resultado;REAL;MIL;PENÚLTIMO;2015-01-01;2015-12-31;3.11.02;Atribuído a Sócios Não Controladores;-1842.0000000000;S;14806
33.042.730/0001-04;2016-12-31;1;CIA SIDERURGICA NACIONAL;004030;DF Consolidado - Demonstração do Resultado;REAL;MIL;ÚLTIMO;2016-01-01;2016-12-31;3.11.02;Atribuído a Sócios Não Controladores;81689.0000000000;S;14807
33.042.730/0001-04;2016-12-31;1;CIA SIDERURGICA NACIONAL;004030;DF Consolidado - Demonstração do Resultado;REAL;MIL;PENÚLTIMO;2015-01-01;2015-12-31;3.99;Lucro por Ação - (Reais / Ação);0.0000000000;N;14808
33.042.730/0001-04;2016-12-31;1;CIA SIDERURGICA NACIONAL;004030;DF Consolidado - Demonstração do Resultado;REAL;MIL;ÚLTIMO;2016-01-01;2016-12-31;3.99;Lucro por Ação - (Reais / Ação);0.0000000000;N;14809
33.042.730/0001-04;2016-12-31;1;CIA SIDERURGICA NACIONAL;004030;DF Consolidado - Demonstração do Resultado;REAL;MIL;PENÚLTIMO;2015-01-01;2015-12-31;3.99.01;Lucro Básico por Ação;0.0000000000;N;14810
33.042.730/0001-04;2016-12-31;1;CIA SIDERURGICA NACIONAL;004030;DF Consolidado - Demonstração do Resultado;REAL;MIL;ÚLTIMO;2016-01-01;2016-12-31;3.99.01;Lucro Básico por Ação;0.0000000000;N;14811
33.042.730/0001-04;2016-12-31;1;CIA SIDERURGICA NACIONAL;004030;DF Consolidado - Demonstração do Resultado;REAL;MIL;PENÚLTIMO;2015-01-01;2015-12-31;3.99.01.01;ON;-0.8946100000;N;14812
33.042.730/0001-04;2016-12-31;1;CIA SIDERURGICA NACIONAL;004030;DF Consolidado - Demonstração do Resultado;REAL;MIL;ÚLTIMO;2016-01-01;2016-12-31;3.99.01.01;ON;-0.6887600000;N;14813
33.042.730/0001-04;2016-12-31;1;CIA SIDERURGICA NACIONAL;004030;DF Consolidado - Demonstração do Resultado;REAL;MIL;PENÚLTIMO;2015-01-01;2015-12-31;3.99.02;Lucro Diluído por Ação;0.0000000000;N;14814
33.042.730/0001-04;2016-12-31;1;CIA SIDERURGICA NACIONAL;004030;DF Consolidado - Demonstração do Resultado;REAL;MIL;ÚLTIMO;2016-01-01;2016-12-31;3.99.02;Lucro Diluído por Ação;0.0000000000;N;14815
33.042.730/0001-04;2016-12-31;1;CIA SIDERURGICA NACIONAL;004030;DF Consolidado - Demonstração do Resultado;REAL;MIL;PENÚLTIMO;2015-01-01;2015-12-31;3.99.02.01;ON;-0.8946100000;N;14816
33.042.730/0001-04;2016-12-31;1;CIA SIDERURGICA NACIONAL;004030;DF Consolidado - Demonstração do Resultado;REAL;MIL;ÚLTIMO;2016-01-01;2016-12-31;3.99.02.01;ON;-0.6887600000;N;14817
33.592.510/0001-54;2016-12-31;1;VALE S.A.;004170;DF Consolidado - Demonstração do Resultado;REAL;MIL;PENÚLTIMO;2015-01-01;2015-12-31;3.01;Receita de Venda de Bens e/ou Serviços;78057424.0000000000;S;15762
33.592.510/0001-54;2016-12-31;1;VALE S.A.;004170;DF Consolidado - Demonstração do Resultado;REAL;MIL;ÚLTIMO;2016-01-01;2016-12-31;3.01;Receita de Venda de Bens e/ou Serviços;94633264.0000000000;S;15763
33.592.510/0001-54;2016-12-31;1;VALE S.A.;004170;DF Consolidado - Demonstração do Resultado;REAL;MIL;PENÚLTIMO;2015-01-01;2015-12-31;3.02;Custo dos Bens e/ou Serviços Vendidos;-62779234.0000000000;S;15764
33.592.510/0001-54;2016-12-31;1;VALE S.A.;004170;DF Consolidado - Demonstração do Resultado;REAL;MIL;ÚLTIMO;2016-01-01;2016-12-31;3.02;Custo dos Bens e/ou Serviços Vendidos;-61143430.0000000000;S;15765
33.592.510/0001-54;2016-12-31;1;VALE S.A.;004170;DF Consolidado - Demonstração do Resultado;REAL;MIL;PENÚLTIMO;2015-01-01;2015-12-31;3.03;Resultado Bruto;15278190.0000000000;S;15766
33.592.510/0001-54;2016-12-31;1;VALE S.A.;004170;DF Consolidado - Demonstração do Resultado;REAL;MIL;ÚLTIMO;2016-01-01;2016-12-31;3.03;Resultado Bruto;33489834.0000000000;S;15767
33.592.510/0001-54;2016-12-31;1;VALE S.A.;004170;DF Consolidado - Demonstração do Resultado;REAL;MIL;PENÚLTIMO;2015-01-01;2015-12-31;3.04;Despesas/Receitas Operacionais;-42469488.0000000000;S;15768
33.592.510/0001-54;2016-12-31;1;VALE S.A.;004170;DF Consolidado - Demonstração do Resultado;REAL;MIL;ÚLTIMO;2016-01-01;2016-12-31;3.04;Despesas/Receitas Operacionais;-8417100.0000000000;S;15769
33.592.510/0001-54;2016-12-31;1;VALE S.A.;004170;DF Consolidado - Demonstração do Resultado;REAL;MIL;PENÚLTIMO;2015-01-01;2015-12-31;3.04.01;Despesas com Vendas;0.0000000000;S;15770
33.592.510/0001-54;2016-12-31;1;VALE S.A.;004170;DF Consolidado - Demonstração do Resultado;REAL;MIL;ÚLTIMO;2016-01-01;2016-12-31;3.04.01;Despesas com Vendas;0.0000000000;S;15771
33.592.510/0001-54;2016-12-31;1;VALE S.A.;004170;DF Consolidado - Demonstração do Resultado;REAL;MIL;PENÚLTIMO;2015-01-01;2015-12-31;3.04.02;Despesas Gerais e Administrativas;-2009143.0000000000;S;15772
33.592.510/0001-54;2016-12-31;1;VALE S.A.;004170;DF Consolidado - Demonstração do Resultado;REAL;MIL;ÚLTIMO;2016-01-01;2016-12-31;3.04.02;Despesas Gerais e Administrativas;-1754530.0000000000;S;15773
33.592.510/0001-54;2016-12-31;1;VALE S.A.;004170;DF Consolidado - Demonstração do Resultado;REAL;MIL;PENÚLTIMO;2015-01-01;2015-12-31;3.04.03;Perdas pela Não Recuperabilidade de Ativos;-33892857.0000000000;S;15774
33.592.510/0001-54;2016-12-31;1;VALE S.A.;004170;DF Consolidado - Demonstração do Resultado;REAL;MIL;ÚLTIMO;2016-01-01;2016-12-31;3.04.03;Perdas pela Não Recuperabilidade de Ativos;-4167168.0000000000;S;15775
33.592.510/0001-54;2016-12-31;1;VALE S.A.;004170;DF Consolidado - Demonstração do Resultado;REAL;MIL;PENÚLTIMO;2015-01-01;2015-12-31;3.04.04;Outras Receitas Operacionais;0.0000000000;S;15776
33.592.510/0001-54;2016-12-31;1;VALE S.A.;004170;DF Consolidado - Demonstração do Resultado;REAL;MIL;ÚLTIMO;2016-01-01;2016-12-31;3.04.04;Outras Receitas Operacionais;0.0000000000;S;15777
33.592.510/0001-54;2016-12-31;1;VALE S.A.;004170;DF Consolidado - Demonstração do Resultado;REAL;MIL;PENÚLTIMO;2015-01-01;2015-12-31;3.04.05;Outras Despesas Operacionais;-5041758.0000000000;S;15778
33.592.510/0001-54;2016-12-31;1;VALE S.A.;004170;DF Consolidado - Demonstração do Resultado;REAL;MIL;ÚLTIMO;2016-01-01;2016-12-31;3.04.05;Outras Despesas Operacionais;-3606417.0000000000;S;15779
33.592.510/0001-54;2016-12-31;1;VALE S.A.;004170;DF Consolidado - Demonstração do Resultado;REAL;MIL;PENÚLTIMO;2015-01-01;2015-12-31;3.04.06;Resultado de Equivalência Patrimonial;-1525730.0000000000;S;15780
33.592.510/0001-54;2016-12-31;1;VALE S.A.;004170;DF Consolidado - Demonstração do Resultado;REAL;MIL;ÚLTIMO;2016-01-01;2016-12-31;3.04.06;Resultado de Equivalência Patrimonial;1111015.0000000000;S;15781
33.592.510/0001-54;2016-12-31;1;VALE S.A.;004170;DF Consolidado - Demonstração do Resultado;REAL;MIL;PENÚLTIMO;2015-01-01;2015-12-31;3.05;Resultado Antes do Resultado Financeiro e dos Tributos;-27191298.0000000000;S;15782
33.592.510/0001-54;2016-12-31;1;VALE S.A.;004170;DF Consolidado - Demonstração do Resultado;REAL;MIL;ÚLTIMO;2016-01-01;2016-12-31;3.05;Resultado Antes do Resultado Financeiro e dos Tributos;25072734.0000000000;S;15783
33.592.510/0001-54;2016-12-31;1;VALE S.A.;004170;DF Consolidado - Demonstração do Resultado;REAL;MIL;PENÚLTIMO;2015-01-01;2015-12-31;3.06;Resultado Financeiro;-37484064.0000000000;S;15784
33.592.510/0001-54;2016-12-31;1;VALE S.A.;004170;DF Consolidado - Demonstração do Resultado;REAL;MIL;ÚLTIMO;2016-01-01;2016-12-31;3.06;Resultado Financeiro;1949222.0000000000;S;15785
33.592.510/0001-54;2016-12-31;1;VALE S.A.;004170;DF Consolidado - Demonstração do Resultado;REAL;MIL;PENÚLTIMO;2015-01-01;2015-12-31;3.06.01;Receitas Financeiras;25967974.0000000000;S;15786
33.592.510/0001-54;2016-12-31;1;VALE S.A.;004170;DF Consolidado - Demonstração do Resultado;REAL;MIL;ÚLTIMO;2016-01-01;2016-12-31;3.06.01;Receitas Financeiras;27657490.0000000000;S;15787
33.592.510/0001-54;2016-12-31;1;VALE S.A.;004170;DF Consolidado - Demonstração do Resultado;REAL;MIL;PENÚLTIMO;2015-01-01;2015-12-31;3.06.02;Despesas Financeiras;-63452038.0000000000;S;15788
33.592.510/0001-54;2016-12-31;1;VALE S.A.;004170;DF Consolidado - Demonstração do Resultado;REAL;MIL;ÚLTIMO;2016-01-01;2016-12-31;3.06.02;Despesas Financeiras;-25708268.0000000000;S;15789
33.592.510/0001-54;2016-12-31;1;VALE S.A.;004170;DF Consolidado - Demonstração do Resultado;REAL;MIL;PENÚLTIMO;2015-01-01;2015-12-31;3.06.02.01;Despesas financeiras;-62021021.0000000000;N;15790
33.592.510/0001-54;2016-12-31;1;VALE S.A.;004170;DF Consolidado - Demonstração do Resultado;REAL;MIL;ÚLTIMO;2016-01-01;2016-12-31;3.06.02.01;Despesas financeiras;-21355167.0000000000;N;15791
33.592.510/0001-54;2016-12-31;1;VALE S.A.;004170;DF Consolidado - Demonstração do Resultado;REAL;MIL;PENÚLTIMO;2015-01-01;2015-12-31;3.06.02.02;Resultado de alienação/baixa de participação JV/coligadas;-1431017.0000000000;N;15792
33.592.510/0001-54;2016-12-31;1;VALE S.A.;004170;DF Consolidado - Demonstração do Resultado;REAL;MIL;ÚLTIMO;2016-01-01;2016-12-31;3.06.02.02;Resultado de alienação/baixa de participação JV/coligadas;-4353101.0000000000;N;15793
33.592.510/0001-54;2016-12-31;1;VALE S.A.;004170;DF Consolidado - Demonstração do Resultado;REAL;MIL;PENÚLTIMO;2015-01-01;2015-12-31;3.07;Resultado Antes dos Tributos sobre o Lucro;-64675362.0000000000;S;15794
33.592.510/0001-54;2016-12-31;1;VALE S.A.;004170;DF Consolidado - Demonstração do Resultado;REAL;MIL;ÚLTIMO;2016-01-01;2016-12-31;3.07;Resultado Antes dos Tributos sobre o Lucro;27021956.0000000000;S;15795
33.592.510/0001-54;2016-12-31;1;VALE S.A.;004170;DF Consolidado - Demonstração do Resultado;REAL;MIL;PENÚLTIMO;2015-01-01;2015-12-31;3.08;Imposto de Renda e Contribuição Social sobre o Lucro;19339041.0000000000;S;15796
33.592.510/0001-54;2016-12-31;1;VALE S.A.;004170;DF Consolidado - Demonstração do Resultado;REAL;MIL;ÚLTIMO;2016-01-01;2016-12-31;3.08;Imposto de Renda e Contribuição Social sobre o Lucro;-9566080.0000000000;S;15797
33.592.510/0001-54;2016-12-31;1;VALE S.A.;004170;DF Consolidado - Demonstração do Resultado;REAL;MIL;PENÚLTIMO;2015-01-01;2015-12-31;3.08.01;Corrente;-1148432.0000000000;S;15798
33.592.510/0001-54;2016-12-31;1;VALE S.A.;004170;DF Consolidado - Demonstração do Resultado;REAL;MIL;ÚLTIMO;2016-01-01;2016-12-31;3.08.01;Corrente;-3306500.0000000000;S;15799
33.592.510/0001-54;2016-12-31;1;VALE S.A.;004170;DF Consolidado - Demonstração do Resultado;REAL;MIL;PENÚLTIMO;2015-01-01;2015-12-31;3.08.02;Diferido;20487473.0000000000;S;15800
33.592.510/0001-54;2016-12-31;1;VALE S.A.;004170;DF Consolidado - Demonstração do Resultado;REAL;MIL;ÚLTIMO;2016-01-01;2016-12-31;3.08.02;Diferido;-6259580.0000000000;S;15801
33.592.510/0001-54;2016-12-31;1;VALE S.A.;004170;DF Consolidado - Demonstração do Resultado;REAL;MIL;PENÚLTIMO;2015-01-01;2015-12-31;3.09;Resultado Líquido das Operações Continuadas;-45336321.0000000000;S;15802
33.592.510/0001-54;2016-12-31;1;VALE S.A.;004170;DF Consolidado - Demonstração do Resultado;REAL;MIL;ÚLTIMO;2016-01-01;2016-12-31;3.09;Resultado Líquido das Operações Continuadas;17455876.0000000000;S;15803
33.592.510/0001-54;2016-12-31;1;VALE S.A.;004170;DF Consolidado - Demonstração do Resultado;REAL;MIL;PENÚLTIMO;2015-01-01;2015-12-31;3.10;Resultado Líquido de Operações Descontinuadas;-660301.0000000000;S;15804
33.592.510/0001-54;2016-12-31;1;VALE S.A.;004170;DF Consolidado - Demonstração do Resultado;REAL;MIL;ÚLTIMO;2016-01-01;2016-12-31;3.10;Resultado Líquido de Operações Descontinuadas;-4159380.0000000000;S;15805
33.592.510/0001-54;2016-12-31;1;VALE S.A.;004170;DF Consolidado - Demonstração do Resultado;REAL;MIL;PENÚLTIMO;2015-01-01;2015-12-31;3.10.01;Lucro/Prejuízo Líquido das Operações Descontinuadas;-660301.0000000000;S;15806
33.592.510/0001-54;2016-12-31;1;VALE S.A.;004170;DF Consolidado - Demonstração do Resultado;REAL;MIL;ÚLTIMO;2016-01-01;2016-12-31;3.10.01;Lucro/Prejuízo Líquido das Operações Descontinuadas;-4159380.0000000000;S;15807
33.592.510/0001-54;2016-12-31;1;VALE S.A.;004170;DF Consolidado - Demonstração do Resultado;REAL;MIL;PENÚLTIMO;2015-01-01;2015-12-31;3.10.02;Ganhos/Perdas Líquidas sobre Ativos de Operações Descontinuadas;0.0000000000;S;15808
33.592.510/0001-54;2016-12-31;1;VALE S.A.;004170;DF Consolidado - Demonstração do Resultado;REAL;MIL;ÚLTIMO;2016-01-01;2016-12-31;3.10.02;Ganhos/Perdas Líquidas sobre Ativos de Operações Descontinuadas;0.0000000000;S;15809
33.592.510/0001-54;2016-12-31;1;VALE S.A.;004170;DF Consolidado - Demonstração do Resultado;REAL;MIL;PENÚLTIMO;2015-01-01;2015-12-31;3.11;Lucro/Prejuízo Consolidado do Período;-45996622.0000000000;S;15810
33.592.510/0001-54;2016-12-31;1;VALE S.A.;004170;DF Consolidado - Demonstração do Resultado;REAL;MIL;ÚLTIMO;2016-01-01;2016-12-31;3.11;Lucro/Prejuízo Consolidado do Período;13296496.0000000000;S;15811
33.592.510/0001-54;2016-12-31;1;VALE S.A.;004170;DF Consolidado - Demonstração do Resultado;REAL;MIL;PENÚLTIMO;2015-01-01;2015-12-31;3.11.01;Atribuído a Sócios da Empresa Controladora;-44212187.0000000000;S;15812
33.592.510/0001-54;2016-12-31;1;VALE S.A.;004170;DF Consolidado - Demonstração do Resultado;REAL;MIL;ÚLTIMO;2016-01-01;2016-12-31;3.11.01;Atribuído a Sócios da Empresa Controladora;13311455.0000000000;S;15813
33.592.510/0001-54;2016-12-31;1;VALE S.A.;004170;DF Consolidado - Demonstração do Resultado;REAL;MIL;PENÚLTIMO;2015-01-01;2015-12-31;3.11.02;Atribuído a Sócios Não Controladores;-1784435.0000000000;S;15814
33.592.510/0001-54;2016-12-31;1;VALE S.A.;004170;DF Consolidado - Demonstração do Resultado;REAL;MIL;ÚLTIMO;2016-01-01;2016-12-31;3.11.02;Atribuído a Sócios Não Controladores;-14959.0000000000;S;15815
33.592.510/0001-54;2016-12-31;1;VALE S.A.;004170;DF Consolidado - Demonstração do Resultado;REAL;MIL;PENÚLTIMO;2015-01-01;2015-12-31;3.99;Lucro por Ação - (Reais / Ação);0.0000000000;N;15816
33.592.510/0001-54;2016-12-31;1;VALE S.A.;004170;DF Consolidado - Demonstração do Resultado;REAL;MIL;ÚLTIMO;2016-01-01;2016-12-31;3.99;Lucro por Ação - (Reais / Ação);0.0000000000;N;15817
33.592.510/0001-54;2016-12-31;1;VALE S.A.;004170;DF Consolidado - Demonstração do Resultado;REAL;MIL;PENÚLTIMO;2015-01-01;2015-12-31;3.99.01;Lucro Básico por Ação;0.0000000000;N;15818
33.592.510/0001-54;2016-12-31;1;VALE S.A.;004170;DF Consolidado - Demonstração do Resultado;REAL;MIL;ÚLTIMO;2016-01-01;2016-12-31;3.99.01;Lucro Básico por Ação;0.0000000000;N;15819
33.592.510/0001-54;2016-12-31;1;VALE S.A.;004170;DF Consolidado - Demonstração do Resultado;REAL;MIL;PENÚLTIMO;2015-01-01;2015-12-31;3.99.01.01;PNA;-8.5800000000;N;15820
33.592.510/0001-54;2016-12-31;1;VALE S.A.;004170;DF Consolidado - Demonstração do Resultado;REAL;MIL;ÚLTIMO;2016-01-01;2016-12-31;3.99.01.01;PNA;2.5800000000;N;15821
33.592.510/0001-54;2016-12-31;1;VALE S.A.;004170;DF Consolidado - Demonstração do Resultado;REAL;MIL;PENÚLTIMO;2015-01-01;2015-12-31;3.99.01.02;ON;-8.5800000000;N;15822
33.592.510/0001-54;2016-12-31;1;VALE S.A.;004170;DF Consolidado - Demonstração do Resultado;REAL;MIL;ÚLTIMO;2016-01-01;2016-12-31;3.99.01.02;ON;2.5800000000;N;15823
33.592.510/0001-54;2016-12-31;1;VALE S.A.;004170;DF Consolidado - Demonstração do Resultado;REAL;MIL;PENÚLTIMO;2015-01-01;2015-12-31;3.99.02;Lucro Diluído por Ação;0.0000000000;N;15824
33.592.510/0001-54;2016-12-31;1;VALE S.A.;004170;DF Consolidado - Demonstração do Resultado;REAL;MIL;ÚLTIMO;2016-01-01;2016-12-31;3.99.02;Lucro Diluído por Ação;0.0000000000;N;15825
33.592.510/0001-54;2016-12-31;1;VALE S.A.;004170;DF Consolidado - Demonstração do Resultado;REAL;MIL;PENÚLTIMO;2015-01-01;2015-12-31;3.99.02.01;PNA;-8.5800000000;N;15826
33.592.510/0001-54;2016-12-31;1;VALE S.A.;004170;DF Consolidado - Demonstração do Resultado;REAL;MIL;ÚLTIMO;2016-01-01;2016-12-31;3.99.02.01;PNA;2.5800000000;N;15827
33.592.510/0001-54;2016-12-31;1;VALE S.A.;004170;DF Consolidado - Demonstração do Resultado;REAL;MIL;PENÚLTIMO;2015-01-01;2015-12-31;3.99.02.02;ON;8.5800000000;N;15828
33.592.510/0001-54;2016-12-31;1;VALE S.A.;004170;DF Consolidado - Demonstração do Resultado;REAL;MIL;ÚLTIMO;2016-01-01;2016-12-31;3.99.02.02;ON;2.5800000000;N;15829
33.611.500/0001-19;2016-12-31;1;GERDAU S.A.;003980;DF Consolidado - Demonstração do Resultado;REAL;MIL;PENÚLTIMO;2015-01-01;2015-12-31;3.01;Receita de Venda de Bens e/ou Serviços;43581241.0000000000;S;15830
33.611.500/0001-19;2016-12-31;1;GERDAU S.A.;003980;DF Consolidado - Demonstração do Resultado;REAL;MIL;ÚLTIMO;2016-01-01;2016-12-31;3.01;Receita de Venda de Bens e/ou Serviços;37651667.0000000000;S;15831
33.611.500/0001-19;2016-12-31;1;GERDAU S.A.;003980;DF Consolidado - Demonstração do Resultado;REAL;MIL;PENÚLTIMO;2015-01-01;2015-12-31;3.02;Custo dos Bens e/ou Serviços Vendidos;-39290526.0000000000;S;15832
33.611.500/0001-19;2016-12-31;1;GERDAU S.A.;003980;DF Consolidado - Demonstração do Resultado;REAL;MIL;ÚLTIMO;2016-01-01;2016-12-31;3.02;Custo dos Bens e/ou Serviços Vendidos;-34187941.0000000000;S;15833
33.611.500/0001-19;2016-12-31;1;GERDAU S.A.;003980;DF Consolidado - Demonstração do Resultado;REAL;MIL;PENÚLTIMO;2015-01-01;2015-12-31;3.03;Resultado Bruto;4290715.0000000000;S;15834
33.611.500/0001-19;2016-12-31;1;GERDAU S.A.;003980;DF Consolidado - Demonstração do Resultado;REAL;MIL;ÚLTIMO;2016-01-01;2016-12-31;3.03;Resultado Bruto;3463726.0000000000;S;15835
33.611.500/0001-19;2016-12-31;1;GERDAU S.A.;003980;DF Consolidado - Demonstração do Resultado;REAL;MIL;PENÚLTIMO;2015-01-01;2015-12-31;3.04;Despesas/Receitas Operacionais;-7506227.0000000000;S;15836
33.611.500/0001-19;2016-12-31;1;GERDAU S.A.;003980;DF Consolidado - Demonstração do Resultado;REAL;MIL;ÚLTIMO;2016-01-01;2016-12-31;3.04;Despesas/Receitas Operacionais;-5100086.0000000000;S;15837
33.611.500/0001-19;2016-12-31;1;GERDAU S.A.;003980;DF Consolidado - Demonstração do Resultado;REAL;MIL;PENÚLTIMO;2015-01-01;2015-12-31;3.04.01;Despesas com Vendas;-785002.0000000000;S;15838
33.611.500/0001-19;2016-12-31;1;GERDAU S.A.;003980;DF Consolidado - Demonstração do Resultado;REAL;MIL;ÚLTIMO;2016-01-01;2016-12-31;3.04.01;Despesas com Vendas;-710766.0000000000;S;15839
33.611.500/0001-19;2016-12-31;1;GERDAU S.A.;003980;DF Consolidado - Demonstração do Resultado;REAL;MIL;PENÚLTIMO;2015-01-01;2015-12-31;3.04.02;Despesas Gerais e Administrativas;-1797483.0000000000;S;15840
33.611.500/0001-19;2016-12-31;1;GERDAU S.A.;003980;DF Consolidado - Demonstração do Resultado;REAL;MIL;ÚLTIMO;2016-01-01;2016-12-31;3.04.02;Despesas Gerais e Administrativas;-1528262.0000000000;S;15841
33.611.500/0001-19;2016-12-31;1;GERDAU S.A.;003980;DF Consolidado - Demonstração do Resultado;REAL;MIL;PENÚLTIMO;2015-01-01;2015-12-31;3.04.03;Perdas pela Não Recuperabilidade de Ativos;-4996240.0000000000;S;15842
33.611.500/0001-19;2016-12-31;1;GERDAU S.A.;003980;DF Consolidado - Demonstração do Resultado;REAL;MIL;ÚLTIMO;2016-01-01;2016-12-31;3.04.03;Perdas pela Não Recuperabilidade de Ativos;-2917911.0000000000;S;15843
33.611.500/0001-19;2016-12-31;1;GERDAU S.A.;003980;DF Consolidado - Demonstração do Resultado;REAL;MIL;PENÚLTIMO;2015-01-01;2015-12-31;3.04.03.01;Reversão (Perdas) pela Não Recuperabilidade de Ativos;0.0000000000;N;15844
33.611.500/0001-19;2016-12-31;1;GERDAU S.A.;003980;DF Consolidado - Demonstração do Resultado;REAL;MIL;ÚLTIMO;2016-01-01;2016-12-31;3.04.03.01;Reversão (Perdas) pela Não Recuperabilidade de Ativos;0.0000000000;N;15845
33.611.500/0001-19;2016-12-31;1;GERDAU S.A.;003980;DF Consolidado - Demonstração do Resultado;REAL;MIL;PENÚLTIMO;2015-01-01;2015-12-31;3.04.04;Outras Receitas Operacionais;213431.0000000000;S;15846
33.611.500/0001-19;2016-12-31;1;GERDAU S.A.;003980;DF Consolidado - Demonstração do Resultado;REAL;MIL;ÚLTIMO;2016-01-01;2016-12-31;3.04.04;Outras Receitas Operacionais;242077.0000000000;S;15847
33.611.500/0001-19;2016-12-31;1;GERDAU S.A.;003980;DF Consolidado - Demonstração do Resultado;REAL;MIL;PENÚLTIMO;2015-01-01;2015-12-31;3.04.04.01;Outras Receitas Operacionais;213431.0000000000;N;15848
33.611.500/0001-19;2016-12-31;1;GERDAU S.A.;003980;DF Consolidado - Demonstração do Resultado;REAL;MIL;ÚLTIMO;2016-01-01;2016-12-31;3.04.04.01;Outras Receitas Operacionais;242077.0000000000;N;15849
33.611.500/0001-19;2016-12-31;1;GERDAU S.A.;003980;DF Consolidado - Demonstração do Resultado;REAL;MIL;PENÚLTIMO;2015-01-01;2015-12-31;3.04.04.02;Resultado em operações com entidades de controle compartilhado;0.0000000000;N;15850
33.611.500/0001-19;2016-12-31;1;GERDAU S.A.;003980;DF Consolidado - Demonstração do Resultado;REAL;MIL;ÚLTIMO;2016-01-01;2016-12-31;3.04.04.02;Resultado em operações com entidades de controle compartilhado;0.0000000000;N;15851
33.611.500/0001-19;2016-12-31;1;GERDAU S.A.;003980;DF Consolidado - Demonstração do Resultado;REAL;MIL;PENÚLTIMO;2015-01-01;2015-12-31;3.04.05;Outras Despesas Operacionais;-116431.0000000000;S;15852
33.611.500/0001-19;2016-12-31;1;GERDAU S.A.;003980;DF Consolidado - Demonstração do Resultado;REAL;MIL;ÚLTIMO;2016-01-01;2016-12-31;3.04.05;Outras Despesas Operacionais;-172453.0000000000;S;15853
33.611.500/0001-19;2016-12-31;1;GERDAU S.A.;003980;DF Consolidado - Demonstração do Resultado;REAL;MIL;PENÚLTIMO;2015-01-01;2015-12-31;3.04.05.01;Outras despesas operacionais;-116431.0000000000;N;15854
33.611.500/0001-19;2016-12-31;1;GERDAU S.A.;003980;DF Consolidado - Demonstração do Resultado;REAL;MIL;ÚLTIMO;2016-01-01;2016-12-31;3.04.05.01;Outras despesas operacionais;-114230.0000000000;N;15855
33.611.500/0001-19;2016-12-31;1;GERDAU S.A.;003980;DF Consolidado - Demonstração do Resultado;REAL;MIL;PENÚLTIMO;2015-01-01;2015-12-31;3.04.05.02;Resultado em operações com entidades controladas e coligadas;0.0000000000;N;15856
33.611.500/0001-19;2016-12-31;1;GERDAU S.A.;003980;DF Consolidado - Demonstração do Resultado;REAL;MIL;ÚLTIMO;2016-01-01;2016-12-31;3.04.05.02;Resultado em operações com entidades controladas e coligadas;-58223.0000000000;N;15857
33.611.500/0001-19;2016-12-31;1;GERDAU S.A.;003980;DF Consolidado - Demonstração do Resultado;REAL;MIL;PENÚLTIMO;2015-01-01;2015-12-31;3.04.06;Resultado de Equivalência Patrimonial;-24502.0000000000;S;15858
33.611.500/0001-19;2016-12-31;1;GERDAU S.A.;003980;DF Consolidado - Demonstração do Resultado;REAL;MIL;ÚLTIMO;2016-01-01;2016-12-31;3.04.06;Resultado de Equivalência Patrimonial;-12771.0000000000;S;15859
33.611.500/0001-19;2016-12-31;1;GERDAU S.A.;003980;DF Consolidado - Demonstração do Resultado;REAL;MIL;PENÚLTIMO;2015-01-01;2015-12-31;3.05;Resultado Antes do Resultado Financeiro e dos Tributos;-3215512.0000000000;S;15860
33.611.500/0001-19;2016-12-31;1;GERDAU S.A.;003980;DF Consolidado - Demonstração do Resultado;REAL;MIL;ÚLTIMO;2016-01-01;2016-12-31;3.05;Resultado Antes do Resultado Financeiro e dos Tributos;-1636360.0000000000;S;15861
33.611.500/0001-19;2016-12-31;1;GERDAU S.A.;003980;DF Consolidado - Demonstração do Resultado;REAL;MIL;PENÚLTIMO;2015-01-01;2015-12-31;3.06;Resultado Financeiro;-2878896.0000000000;S;15862
33.611.500/0001-19;2016-12-31;1;GERDAU S.A.;003980;DF Consolidado - Demonstração do Resultado;REAL;MIL;ÚLTIMO;2016-01-01;2016-12-31;3.06;Resultado Financeiro;-945255.0000000000;S;15863
33.611.500/0001-19;2016-12-31;1;GERDAU S.A.;003980;DF Consolidado - Demonstração do Resultado;REAL;MIL;PENÚLTIMO;2015-01-01;2015-12-31;3.06.01;Receitas Financeiras;465487.0000000000;S;15864
33.611.500/0001-19;2016-12-31;1;GERDAU S.A.;003980;DF Consolidado - Demonstração do Resultado;REAL;MIL;ÚLTIMO;2016-01-01;2016-12-31;3.06.01;Receitas Financeiras;1103680.0000000000;S;15865
33.611.500/0001-19;2016-12-31;1;GERDAU S.A.;003980;DF Consolidado - Demonstração do Resultado;REAL;MIL;PENÚLTIMO;2015-01-01;2015-12-31;3.06.01.01;Receitas Financeiras;378402.0000000000;N;15866
33.611.500/0001-19;2016-12-31;1;GERDAU S.A.;003980;DF Consolidado - Demonstração do Resultado;REAL;MIL;ÚLTIMO;2016-01-01;2016-12-31;3.06.01.01;Receitas Financeiras;252045.0000000000;N;15867
33.611.500/0001-19;2016-12-31;1;GERDAU S.A.;003980;DF Consolidado - Demonstração do Resultado;REAL;MIL;PENÚLTIMO;2015-01-01;2015-12-31;3.06.01.02;Variação cambial, líquida;0.0000000000;N;15868
33.611.500/0001-19;2016-12-31;1;GERDAU S.A.;003980;DF Consolidado - Demonstração do Resultado;REAL;MIL;ÚLTIMO;2016-01-01;2016-12-31;3.06.01.02;Variação cambial, líquida;851635.0000000000;N;15869
33.611.500/0001-19;2016-12-31;1;GERDAU S.A.;003980;DF Consolidado - Demonstração do Resultado;REAL;MIL;PENÚLTIMO;2015-01-01;2015-12-31;3.06.01.03;Ganhos com instrumentos financeiros, líquido;87085.0000000000;N;15870
33.611.500/0001-19;2016-12-31;1;GERDAU S.A.;003980;DF Consolidado - Demonstração do Resultado;REAL;MIL;ÚLTIMO;2016-01-01;2016-12-31;3.06.01.03;Ganhos com instrumentos financeiros, líquido;0.0000000000;N;15871
33.611.500/0001-19;2016-12-31;1;GERDAU S.A.;003980;DF Consolidado - Demonstração do Resultado;REAL;MIL;PENÚLTIMO;2015-01-01;2015-12-31;3.06.02;Despesas Financeiras;-3344383.0000000000;S;15872
33.611.500/0001-19;2016-12-31;1;GERDAU S.A.;003980;DF Consolidado - Demonstração do Resultado;REAL;MIL;ÚLTIMO;2016-01-01;2016-12-31;3.06.02;Despesas Financeiras;-2048935.0000000000;S;15873
33.611.500/0001-19;2016-12-31;1;GERDAU S.A.;003980;DF Consolidado - Demonstração do Resultado;REAL;MIL;PENÚLTIMO;2015-01-01;2015-12-31;3.06.02.01;Despesas Financeiras;-1780366.0000000000;N;15874
33.611.500/0001-19;2016-12-31;1;GERDAU S.A.;003980;DF Consolidado - Demonstração do Resultado;REAL;MIL;ÚLTIMO;2016-01-01;2016-12-31;3.06.02.01;Despesas Financeiras;-2010005.0000000000;N;15875
33.611.500/0001-19;2016-12-31;1;GERDAU S.A.;003980;DF Consolidado - Demonstração do Resultado;REAL;MIL;PENÚLTIMO;2015-01-01;2015-12-31;3.06.02.02;Variação cambial, líquida;-1564017.0000000000;N;15876
33.611.500/0001-19;2016-12-31;1;GERDAU S.A.;003980;DF Consolidado - Demonstração do Resultado;REAL;MIL;ÚLTIMO;2016-01-01;2016-12-31;3.06.02.02;Variação cambial, líquida;0.0000000000;N;15877
33.611.500/0001-19;2016-12-31;1;GERDAU S.A.;003980;DF Consolidado - Demonstração do Resultado;REAL;MIL;PENÚLTIMO;2015-01-01;2015-12-31;3.06.02.03;Perdas com derivativos, líquido;0.0000000000;N;15878
33.611.500/0001-19;2016-12-31;1;GERDAU S.A.;003980;DF Consolidado - Demonstração do Resultado;REAL;MIL;ÚLTIMO;2016-01-01;2016-12-31;3.06.02.03;Perdas com derivativos, líquido;-38930.0000000000;N;15879
33.611.500/0001-19;2016-12-31;1;GERDAU S.A.;003980;DF Consolidado - Demonstração do Resultado;REAL;MIL;PENÚLTIMO;2015-01-01;2015-12-31;3.07;Resultado Antes dos Tributos sobre o Lucro;-6094408.0000000000;S;15880
33.611.500/0001-19;2016-12-31;1;GERDAU S.A.;003980;DF Consolidado - Demonstração do Resultado;REAL;MIL;ÚLTIMO;2016-01-01;2016-12-31;3.07;Resultado Antes dos Tributos sobre o Lucro;-2581615.0000000000;S;15881
33.611.500/0001-19;2016-12-31;1;GERDAU S.A.;003980;DF Consolidado - Demonstração do Resultado;REAL;MIL;PENÚLTIMO;2015-01-01;2015-12-31;3.08;Imposto de Renda e Contribuição Social sobre o Lucro;1498422.0000000000;S;15882
33.611.500/0001-19;2016-12-31;1;GERDAU S.A.;003980;DF Consolidado - Demonstração do Resultado;REAL;MIL;ÚLTIMO;2016-01-01;2016-12-31;3.08;Imposto de Renda e Contribuição Social sobre o Lucro;-304314.0000000000;S;15883
33.611.500/0001-19;2016-12-31;1;GERDAU S.A.;003980;DF Consolidado - Demonstração do Resultado;REAL;MIL;PENÚLTIMO;2015-01-01;2015-12-31;3.08.01;Corrente;-158450.0000000000;S;15884
33.611.500/0001-19;2016-12-31;1;GERDAU S.A.;003980;DF Consolidado - Demonstração do Resultado;REAL;MIL;ÚLTIMO;2016-01-01;2016-12-31;3.08.01;Corrente;-110511.0000000000;S;15885
33.611.500/0001-19;2016-12-31;1;GERDAU S.A.;003980;DF Consolidado - Demonstração do Resultado;REAL;MIL;PENÚLTIMO;2015-01-01;2015-12-31;3.08.02;Diferido;1656872.0000000000;S;15886
33.611.500/0001-19;2016-12-31;1;GERDAU S.A.;003980;DF Consolidado - Demonstração do Resultado;REAL;MIL;ÚLTIMO;2016-01-01;2016-12-31;3.08.02;Diferido;-193803.0000000000;S;15887
33.611.500/0001-19;2016-12-31;1;GERDAU S.A.;003980;DF Consolidado - Demonstração do Resultado;REAL;MIL;PENÚLTIMO;2015-01-01;2015-12-31;3.09;Resultado Líquido das Operações Continuadas;-4595986.0000000000;S;15888
33.611.500/0001-19;2016-12-31;1;GERDAU S.A.;003980;DF Consolidado - Demonstração do Resultado;REAL;MIL;ÚLTIMO;2016-01-01;2016-12-31;3.09;Resultado Líquido das Operações Continuadas;-2885929.0000000000;S;15889
33.611.500/0001-19;2016-12-31;1;GERDAU S.A.;003980;DF Consolidado - Demonstração do Resultado;REAL;MIL;PENÚLTIMO;2015-01-01;2015-12-31;3.10;Resultado Líquido de Operações Descontinuadas;0.0000000000;S;15890
33.611.500/0001-19;2016-12-31;1;GERDAU S.A.;003980;DF Consolidado - Demonstração do Resultado;REAL;MIL;ÚLTIMO;2016-01-01;2016-12-31;3.10;Resultado Líquido de Operações Descontinuadas;0.0000000000;S;15891
33.611.500/0001-19;2016-12-31;1;GERDAU S.A.;003980;DF Consolidado - Demonstração do Resultado;REAL;MIL;PENÚLTIMO;2015-01-01;2015-12-31;3.10.01;Lucro/Prejuízo Líquido das Operações Descontinuadas;0.0000000000;S;15892
33.611.500/0001-19;2016-12-31;1;GERDAU S.A.;003980;DF Consolidado - Demonstração do Resultado;REAL;MIL;ÚLTIMO;2016-01-01;2016-12-31;3.10.01;Lucro/Prejuízo Líquido das Operações Descontinuadas;0.0000000000;S;15893
33.611.500/0001-19;2016-12-31;1;GERDAU S.A.;003980;DF Consolidado - Demonstração do Resultado;REAL;MIL;PENÚLTIMO;2015-01-01;2015-12-31;3.10.02;Ganhos/Perdas Líquidas sobre Ativos de Operações Descontinuadas;0.0000000000;S;15894
33.611.500/0001-19;2016-12-31;1;GERDAU S.A.;003980;DF Consolidado - Demonstração do Resultado;REAL;MIL;ÚLTIMO;2016-01-01;2016-12-31;3.10.02;Ganhos/Perdas Líquidas sobre Ativos de Operações Descontinuadas;0.0000000000;S;15895
33.611.500/0001-19;2016-12-31;1;GERDAU S.A.;003980;DF Consolidado - Demonstração do Resultado;REAL;MIL;PENÚLTIMO;2015-01-01;2015-12-31;3.11;Lucro/Prejuízo Consolidado do Período;-4595986.0000000000;S;15896
33.611.500/0001-19;2016-12-31;1;GERDAU S.A.;003980;DF Consolidado - Demonstração do Resultado;REAL;MIL;ÚLTIMO;2016-01-01;2016-12-31;3.11;Lucro/Prejuízo Consolidado do Período;-2885929.0000000000;S;15897
33.611.500/0001-19;2016-12-31;1;GERDAU S.A.;003980;DF Consolidado - Demonstração do Resultado;REAL;MIL;PENÚLTIMO;2015-01-01;2015-12-31;3.11.01;Atribuído a Sócios da Empresa Controladora;-4551438.0000000000;S;15898
33.611.500/0001-19;2016-12-31;1;GERDAU S.A.;003980;DF Consolidado - Demonstração do Resultado;REAL;MIL;ÚLTIMO;2016-01-01;2016-12-31;3.11.01;Atribuído a Sócios da Empresa Controladora;-2890811.0000000000;S;15899
33.611.500/0001-19;2016-12-31;1;GERDAU S.A.;003980;DF Consolidado - Demonstração do Resultado;REAL;MIL;PENÚLTIMO;2015-01-01;2015-12-31;3.11.02;Atribuído a Sócios Não Controladores;-44548.0000000000;S;15900
33.611.500/0001-19;2016-12-31;1;GERDAU S.A.;003980;DF Consolidado - Demonstração do Resultado;REAL;MIL;ÚLTIMO;2016-01-01;2016-12-31;3.11.02;Atribuído a Sócios Não Controladores;4882.0000000000;S;15901
33.611.500/0001-19;2016-12-31;1;GERDAU S.A.;003980;DF Consolidado - Demonstração do Resultado;REAL;MIL;PENÚLTIMO;2015-01-01;2015-12-31;3.99;Lucro por Ação - (Reais / Ação);0.0000000000;N;15902
33.611.500/0001-19;2016-12-31;1;GERDAU S.A.;003980;DF Consolidado - Demonstração do Resultado;REAL;MIL;ÚLTIMO;2016-01-01;2016-12-31;3.99;Lucro por Ação - (Reais / Ação);0.0000000000;N;15903
33.611.500/0001-19;2016-12-31;1;GERDAU S.A.;003980;DF Consolidado - Demonstração do Resultado;REAL;MIL;PENÚLTIMO;2015-01-01;2015-12-31;3.99.01;Lucro Básico por Ação;0.0000000000;N;15904
33.611.500/0001-19;2016-12-31;1;GERDAU S.A.;003980;DF Consolidado - Demonstração do Resultado;REAL;MIL;ÚLTIMO;2016-01-01;2016-12-31;3.99.01;Lucro Básico por Ação;0.0000000000;N;15905
33.611.500/0001-19;2016-12-31;1;GERDAU S.A.;003980;DF Consolidado - Demonstração do Resultado;REAL;MIL;PENÚLTIMO;2015-01-01;2015-12-31;3.99.01.01;ON;-2.6900000000;N;15906
33.611.500/0001-19;2016-12-31;1;GERDAU S.A.;003980;DF Consolidado - Demonstração do Resultado;REAL;MIL;ÚLTIMO;2016-01-01;2016-12-31;3.99.01.01;ON;-1.7000000000;N;15907
33.611.500/0001-19;2016-12-31;1;GERDAU S.A.;003980;DF Consolidado - Demonstração do Resultado;REAL;MIL;PENÚLTIMO;2015-01-01;2015-12-31;3.99.01.02;PN;-2.6900000000;N;15908
33.611.500/0001-19;2016-12-31;1;GERDAU S.A.;003980;DF Consolidado - Demonstração do Resultado;REAL;MIL;ÚLTIMO;2016-01-01;2016-12-31;3.99.01.02;PN;-1.7000000000;N;15909
33.611.500/0001-19;2016-12-31;1;GERDAU S.A.;003980;DF Consolidado - Demonstração do Resultado;REAL;MIL;PENÚLTIMO;2015-01-01;2015-12-31;3.99.02;Lucro Diluído por Ação;0.0000000000;N;15910
33.611.500/0001-19;2016-12-31;1;GERDAU S.A.;003980;DF Consolidado - Demonstração do Resultado;REAL;MIL;ÚLTIMO;2016-01-01;2016-12-31;3.99.02;Lucro Diluído por Ação;0.0000000000;N;15911
33.611.500/0001-19;2016-12-31;1;GERDAU S.A.;003980;DF Consolidado - Demonstração do Resultado;REAL;MIL;PENÚLTIMO;2015-01-01;2015-12-31;3.99.02.01;ON;-2.6900000000;N;15912
33.611.500/0001-19;2016-12-31;1;GERDAU S.A.;003980;DF Consolidado - Demonstração do Resultado;REAL;MIL;ÚLTIMO;2016-01-01;2016-12-31;3.99.02.01;ON;-1.7000000000;N;15913
33.611.500/0001-19;2016-12-31;1;GERDAU S.A.;003980;DF Consolidado - Demonstração do Resultado;REAL;MIL;PENÚLTIMO;2015-01-01;2015-12-31;3.99.02.02;PN;-2.6900000000;N;15914
33.611.500/0001-19;2016-12-31;1;GERDAU S.A.;003980;DF Consolidado - Demonstração do Resultado;REAL;MIL;ÚLTIMO;2016-01-01;2016-12-31;3.99.02.02;PN;-1.7000000000;N;15915
89.637.490/0001-45;2016-12-31;3;KLABIN S.A.;012653;DF Consolidado - Demonstração do Resultado;REAL;MIL;PENÚLTIMO;2015-01-01;2015-12-31;3.01;Receita de Venda de Bens e/ou Serviços;5687589.0000000000;S;23550
89.637.490/0001-45;2016-12-31;3;KLABIN S.A.;012653;DF Consolidado - Demonstração do Resultado;REAL;MIL;ÚLTIMO;2016-01-01;2016-12-31;3.01;Receita de Venda de Bens e/ou Serviços;7090798.0000000000;S;23551
89.637.490/0001-45;2016-12-31;3;KLABIN S.A.;012653;DF Consolidado - Demonstração do Resultado;REAL;MIL;PENÚLTIMO;2015-01-01;2015-12-31;3.02;Custo dos Bens e/ou Serviços Vendidos;-3445389.0000000000;S;23552
89.637.490/0001-45;2016-12-31;3;KLABIN S.A.;012653;DF Consolidado - Demonstração do Resultado;REAL;MIL;ÚLTIMO;2016-01-01;2016-12-31;3.02;Custo dos Bens e/ou Serviços Vendidos;-4694112.0000000000;S;23553
89.637.490/0001-45;2016-12-31;3;KLABIN S.A.;012653;DF Consolidado - Demonstração do Resultado;REAL;MIL;PENÚLTIMO;2015-01-01;2015-12-31;3.02.01;Variação do Valor Justo dos Ativos Biológicos;536113.0000000000;N;23554
89.637.490/0001-45;2016-12-31;3;KLABIN S.A.;012653;DF Consolidado - Demonstração do Resultado;REAL;MIL;ÚLTIMO;2016-01-01;2016-12-31;3.02.01;Variação do Valor Justo dos Ativos Biológicos;532911.0000000000;N;23555
89.637.490/0001-45;2016-12-31;3;KLABIN S.A.;012653;DF Consolidado - Demonstração do Resultado;REAL;MIL;PENÚLTIMO;2015-01-01;2015-12-31;3.02.02;Custo dos Produtos Vendidos;-3981502.0000000000;N;23556
89.637.490/0001-45;2016-12-31;3;KLABIN S.A.;012653;DF Consolidado - Demonstração do Resultado;REAL;MIL;ÚLTIMO;2016-01-01;2016-12-31;3.02.02;Custo dos Produtos Vendidos;-5227023.0000000000;N;23557
89.637.490/0001-45;2016-12-31;3;KLABIN S.A.;012653;DF Consolidado - Demonstração do Resultado;REAL;MIL;PENÚLTIMO;2015-01-01;2015-12-31;3.03;Resultado Bruto;2242200.0000000000;S;23558
89.637.490/0001-45;2016-12-31;3;KLABIN S.A.;012653;DF Consolidado - Demonstração do Resultado;REAL;MIL;ÚLTIMO;2016-01-01;2016-12-31;3.03;Resultado Bruto;2396686.0000000000;S;23559
89.637.490/0001-45;2016-12-31;3;KLABIN S.A.;012653;DF Consolidado - Demonstração do Resultado;REAL;MIL;PENÚLTIMO;2015-01-01;2015-12-31;3.04;Despesas/Receitas Operacionais;-750378.0000000000;S;23560
89.637.490/0001-45;2016-12-31;3;KLABIN S.A.;012653;DF Consolidado - Demonstração do Resultado;REAL;MIL;ÚLTIMO;2016-01-01;2016-12-31;3.04;Despesas/Receitas Operacionais;-998540.0000000000;S;23561
89.637.490/0001-45;2016-12-31;3;KLABIN S.A.;012653;DF Consolidado - Demonstração do Resultado;REAL;MIL;PENÚLTIMO;2015-01-01;2015-12-31;3.04.01;Despesas com Vendas;-428902.0000000000;S;23562
89.637.490/0001-45;2016-12-31;3;KLABIN S.A.;012653;DF Consolidado - Demonstração do Resultado;REAL;MIL;ÚLTIMO;2016-01-01;2016-12-31;3.04.01;Despesas com Vendas;-586075.0000000000;S;23563
89.637.490/0001-45;2016-12-31;3;KLABIN S.A.;012653;DF Consolidado - Demonstração do Resultado;REAL;MIL;PENÚLTIMO;2015-01-01;2015-12-31;3.04.02;Despesas Gerais e Administrativas;-338013.0000000000;S;23564
89.637.490/0001-45;2016-12-31;3;KLABIN S.A.;012653;DF Consolidado - Demonstração do Resultado;REAL;MIL;ÚLTIMO;2016-01-01;2016-12-31;3.04.02;Despesas Gerais e Administrativas;-466493.0000000000;S;23565
89.637.490/0001-45;2016-12-31;3;KLABIN S.A.;012653;DF Consolidado - Demonstração do Resultado;REAL;MIL;PENÚLTIMO;2015-01-01;2015-12-31;3.04.03;Perdas pela Não Recuperabilidade de Ativos;0.0000000000;S;23566
89.637.490/0001-45;2016-12-31;3;KLABIN S.A.;012653;DF Consolidado - Demonstração do Resultado;REAL;MIL;ÚLTIMO;2016-01-01;2016-12-31;3.04.03;Perdas pela Não Recuperabilidade de Ativos;0.0000000000;S;23567
89.637.490/0001-45;2016-12-31;3;KLABIN S.A.;012653;DF Consolidado - Demonstração do Resultado;REAL;MIL;PENÚLTIMO;2015-01-01;2015-12-31;3.04.04;Outras Receitas Operacionais;-13104.0000000000;S;23568
89.637.490/0001-45;2016-12-31;3;KLABIN S.A.;012653;DF Consolidado - Demonstração do Resultado;REAL;MIL;ÚLTIMO;2016-01-01;2016-12-31;3.04.04;Outras Receitas Operacionais;4707.0000000000;S;23569
89.637.490/0001-45;2016-12-31;3;KLABIN S.A.;012653;DF Consolidado - Demonstração do Resultado;REAL;MIL;PENÚLTIMO;2015-01-01;2015-12-31;3.04.05;Outras Despesas Operacionais;0.0000000000;S;23570
89.637.490/0001-45;2016-12-31;3;KLABIN S.A.;012653;DF Consolidado - Demonstração do Resultado;REAL;MIL;ÚLTIMO;2016-01-01;2016-12-31;3.04.05;Outras Despesas Operacionais;0.0000000000;S;23571
89.637.490/0001-45;2016-12-31;3;KLABIN S.A.;012653;DF Consolidado - Demonstração do Resultado;REAL;MIL;PENÚLTIMO;2015-01-01;2015-12-31;3.04.06;Resultado de Equivalência Patrimonial;29641.0000000000;S;23572
89.637.490/0001-45;2016-12-31;3;KLABIN S.A.;012653;DF Consolidado - Demonstração do Resultado;REAL;MIL;ÚLTIMO;2016-01-01;2016-12-31;3.04.06;Resultado de Equivalência Patrimonial;49321.0000000000;S;23573
89.637.490/0001-45;2016-12-31;3;KLABIN S.A.;012653;DF Consolidado - Demonstração do Resultado;REAL;MIL;PENÚLTIMO;2015-01-01;2015-12-31;3.05;Resultado Antes do Resultado Financeiro e dos Tributos;1491822.0000000000;S;23574
89.637.490/0001-45;2016-12-31;3;KLABIN S.A.;012653;DF Consolidado - Demonstração do Resultado;REAL;MIL;ÚLTIMO;2016-01-01;2016-12-31;3.05;Resultado Antes do Resultado Financeiro e dos Tributos;1398146.0000000000;S;23575
89.637.490/0001-45;2016-12-31;3;KLABIN S.A.;012653;DF Consolidado - Demonstração do Resultado;REAL;MIL;PENÚLTIMO;2015-01-01;2015-12-31;3.06;Resultado Financeiro;-3439630.0000000000;S;23576
89.637.490/0001-45;2016-12-31;3;KLABIN S.A.;012653;DF Consolidado - Demonstração do Resultado;REAL;MIL;ÚLTIMO;2016-01-01;2016-12-31;3.06;Resultado Financeiro;1816789.0000000000;S;23577
89.637.490/0001-45;2016-12-31;3;KLABIN S.A.;012653;DF Consolidado - Demonstração do Resultado;REAL;MIL;PENÚLTIMO;2015-01-01;2015-12-31;3.06.01;Receitas Financeiras;975186.0000000000;S;23578
89.637.490/0001-45;2016-12-31;3;KLABIN S.A.;012653;DF Consolidado - Demonstração do Resultado;REAL;MIL;ÚLTIMO;2016-01-01;2016-12-31;3.06.01;Receitas Financeiras;664855.0000000000;S;23579
89.637.490/0001-45;2016-12-31;3;KLABIN S.A.;012653;DF Consolidado - Demonstração do Resultado;REAL;MIL;PENÚLTIMO;2015-01-01;2015-12-31;3.06.02;Despesas Financeiras;-4414816.0000000000;S;23580
89.637.490/0001-45;2016-12-31;3;KLABIN S.A.;012653;DF Consolidado - Demonstração do Resultado;REAL;MIL;ÚLTIMO;2016-01-01;2016-12-31;3.06.02;Despesas Financeiras;1151934.0000000000;S;23581
89.637.490/0001-45;2016-12-31;3;KLABIN S.A.;012653;DF Consolidado - Demonstração do Resultado;REAL;MIL;PENÚLTIMO;2015-01-01;2015-12-31;3.07;Resultado Antes dos Tributos sobre o Lucro;-1947808.0000000000;S;23582
89.637.490/0001-45;2016-12-31;3;KLABIN S.A.;012653;DF Consolidado - Demonstração do Resultado;REAL;MIL;ÚLTIMO;2016-01-01;2016-12-31;3.07;Resultado Antes dos Tributos sobre o Lucro;3214935.0000000000;S;23583
89.637.490/0001-45;2016-12-31;3;KLABIN S.A.;012653;DF Consolidado - Demonstração do Resultado;REAL;MIL;PENÚLTIMO;2015-01-01;2015-12-31;3.08;Imposto de Renda e Contribuição Social sobre o Lucro;694611.0000000000;S;23584
89.637.490/0001-45;2016-12-31;3;KLABIN S.A.;012653;DF Consolidado - Demonstração do Resultado;REAL;MIL;ÚLTIMO;2016-01-01;2016-12-31;3.08;Imposto de Renda e Contribuição Social sobre o Lucro;-732989.0000000000;S;23585
89.637.490/0001-45;2016-12-31;3;KLABIN S.A.;012653;DF Consolidado - Demonstração do Resultado;REAL;MIL;PENÚLTIMO;2015-01-01;2015-12-31;3.08.01;Corrente;-30210.0000000000;S;23586
89.637.490/0001-45;2016-12-31;3;KLABIN S.A.;012653;DF Consolidado - Demonstração do Resultado;REAL;MIL;ÚLTIMO;2016-01-01;2016-12-31;3.08.01;Corrente;-190023.0000000000;S;23587
89.637.490/0001-45;2016-12-31;3;KLABIN S.A.;012653;DF Consolidado - Demonstração do Resultado;REAL;MIL;PENÚLTIMO;2015-01-01;2015-12-31;3.08.02;Diferido;724821.0000000000;S;23588
89.637.490/0001-45;2016-12-31;3;KLABIN S.A.;012653;DF Consolidado - Demonstração do Resultado;REAL;MIL;ÚLTIMO;2016-01-01;2016-12-31;3.08.02;Diferido;-542966.0000000000;S;23589
89.637.490/0001-45;2016-12-31;3;KLABIN S.A.;012653;DF Consolidado - Demonstração do Resultado;REAL;MIL;PENÚLTIMO;2015-01-01;2015-12-31;3.09;Resultado Líquido das Operações Continuadas;-1253197.0000000000;S;23590
89.637.490/0001-45;2016-12-31;3;KLABIN S.A.;012653;DF Consolidado - Demonstração do Resultado;REAL;MIL;ÚLTIMO;2016-01-01;2016-12-31;3.09;Resultado Líquido das Operações Continuadas;2481946.0000000000;S;23591
89.637.490/0001-45;2016-12-31;3;KLABIN S.A.;012653;DF Consolidado - Demonstração do Resultado;REAL;MIL;PENÚLTIMO;2015-01-01;2015-12-31;3.10;Resultado Líquido de Operações Descontinuadas;0.0000000000;S;23592
89.637.490/0001-45;2016-12-31;3;KLABIN S.A.;012653;DF Consolidado - Demonstração do Resultado;REAL;MIL;ÚLTIMO;2016-01-01;2016-12-31;3.10;Resultado Líquido de Operações Descontinuadas;0.0000000000;S;23593
89.637.490/0001-45;2016-12-31;3;KLABIN S.A.;012653;DF Consolidado - Demonstração do Resultado;REAL;MIL;PENÚLTIMO;2015-01-01;2015-12-31;3.10.01;Lucro/Prejuízo Líquido das Operações Descontinuadas;0.0000000000;S;23594
89.637.490/0001-45;2016-12-31;3;KLABIN S.A.;012653;DF Consolidado - Demonstração do Resultado;REAL;MIL;ÚLTIMO;2016-01-01;2016-12-31;3.10.01;Lucro/Prejuízo Líquido das Operações Descontinuadas;0.0000000000;S;23595
89.637.490/0001-45;2016-12-31;3;KLABIN S.A.;012653;DF Consolidado - Demonstração do Resultado;REAL;MIL;PENÚLTIMO;2015-01-01;2015-12-31;3.10.02;Ganhos/Perdas Líquidas sobre Ativos de Operações Descontinuadas;0.0000000000;S;23596
89.637.490/0001-45;2016-12-31;3;KLABIN S.A.;012653;DF Consolidado - Demonstração do Resultado;REAL;MIL;ÚLTIMO;2016-01-01;2016-12-31;3.10.02;Ganhos/Perdas Líquidas sobre Ativos de Operações Descontinuadas;0.0000000000;S;23597
89.637.490/0001-45;2016-12-31;3;KLABIN S.A.;012653;DF Consolidado - Demonstração do Resultado;REAL;MIL;PENÚLTIMO;2015-01-01;2015-12-31;3.11;Lucro/Prejuízo Consolidado do Período;-1253197.0000000000;S;23598
89.637.490/0001-45;2016-12-31;3;KLABIN S.A.;012653;DF Consolidado - Demonstração do Resultado;REAL;MIL;ÚLTIMO;2016-01-01;2016-12-31;3.11;Lucro/Prejuízo Consolidado do Período;2481946.0000000000;S;23599
89.637.490/0001-45;2016-12-31;3;KLABIN S.A.;012653;DF Consolidado - Demonstração do Resultado;REAL;MIL;PENÚLTIMO;2015-01-01;2015-12-31;3.11.01;Atribuído a Sócios da Empresa Controladora;-1253197.0000000000;S;23600
89.637.490/0001-45;2016-12-31;3;KLABIN S.A.;012653;DF Consolidado - Demonstração do Resultado;REAL;MIL;ÚLTIMO;2016-01-01;2016-12-31;3.11.01;Atribuído a Sócios da Empresa Controladora;2481946.0000000000;S;23601
89.637.490/0001-45;2016-12-31;3;KLABIN S.A.;012653;DF Consolidado - Demonstração do Resultado;REAL;MIL;PENÚLTIMO;2015-01-01;2015-12-31;3.11.02;Atribuído a Sócios Não Controladores;0.0000000000;S;23602
89.637.490/0001-45;2016-12-31;3;KLABIN S.A.;012653;DF Consolidado - Demonstração do Resultado;REAL;MIL;ÚLTIMO;2016-01-01;2016-12-31;3.11.02;Atribuído a Sócios Não Controladores;0.0000000000;S;23603
89.637.490/0001-45;2016-12-31;3;KLABIN S.A.;012653;DF Consolidado - Demonstração do Resultado;REAL;MIL;PENÚLTIMO;2015-01-01;2015-12-31;3.99;Lucro por Ação - (Reais / Ação);0.0000000000;N;23604
89.637.490/0001-45;2016-12-31;3;KLABIN S.A.;012653;DF Consolidado - Demonstração do Resultado;REAL;MIL;ÚLTIMO;2016-01-01;2016-12-31;3.99;Lucro por Ação - (Reais / Ação);0.0000000000;N;23605
89.637.490/0001-45;2016-12-31;3;KLABIN S.A.;012653;DF Consolidado - Demonstração do Resultado;REAL;MIL;PENÚLTIMO;2015-01-01;2015-12-31;3.99.01;Lucro Básico por Ação;0.0000000000;N;23606
89.637.490/0001-45;2016-12-31;3;KLABIN S.A.;012653;DF Consolidado - Demonstração do Resultado;REAL;MIL;ÚLTIMO;2016-01-01;2016-12-31;3.99.01;Lucro Básico por Ação;0.0000000000;N;23607
89.637.490/0001-45;2016-12-31;3;KLABIN S.A.;012653;DF Consolidado - Demonstração do Resultado;REAL;MIL;PENÚLTIMO;2015-01-01;2015-12-31;3.99.01.01;ON;-0.2382000000;N;23608
89.637.490/0001-45;2016-12-31;3;KLABIN S.A.;012653;DF Consolidado - Demonstração do Resultado;REAL;MIL;ÚLTIMO;2016-01-01;2016-12-31;3.99.01.01;ON;0.4722000000;N;23609
89.637.490/0001-45;2016-12-31;3;KLABIN S.A.;012653;DF Consolidado - Demonstração do Resultado;REAL;MIL;PENÚLTIMO;2015-01-01;2015-12-31;3.99.01.02;PN;-0.2383000000;N;23610
89.637.490/0001-45;2016-12-31;3;KLABIN S.A.;012653;DF Consolidado - Demonstração do Resultado;REAL;MIL;ÚLTIMO;2016-01-01;2016-12-31;3.99.01.02;PN;0.4722000000;N;23611
89.637.490/0001-45;2016-12-31;3;KLABIN S.A.;012653;DF Consolidado - Demonstração do Resultado;REAL;MIL;PENÚLTIMO;2015-01-01;2015-12-31;3.99.02;Lucro Diluído por Ação;0.0000000000;N;23612
89.637.490/0001-45;2016-12-31;3;KLABIN S.A.;012653;DF Consolidado - Demonstração do Resultado;REAL;MIL;ÚLTIMO;2016-01-01;2016-12-31;3.99.02;Lucro Diluído por Ação;0.0000000000;N;23613
89.637.490/0001-45;2016-12-31;3;KLABIN S.A.;012653;DF Consolidado - Demonstração do Resultado;REAL;MIL;PENÚLTIMO;2015-01-01;2015-12-31;3.99.02.01;ON;-0.2383000000;N;23614
89.637.490/0001-45;2016-12-31;3;KLABIN S.A.;012653;DF Consolidado - Demonstração do Resultado;REAL;MIL;ÚLTIMO;2016-01-01;2016-12-31;3.99.02.01;ON;0.4722000000;N;23615
89.637.490/0001-45;2016-12-31;3;KLABIN S.A.;012653;DF Consolidado - Demonstração do Resultado;REAL;MIL;PENÚLTIMO;2015-01-01;2015-12-31;3.99.02.02;PN;-0.2383000000;N;23616
89.637.490/0001-45;2016-12-31;3;KLABIN S.A.;012653;DF Consolidado - Demonstração do Resultado;REAL;MIL;ÚLTIMO;2016-01-01;2016-12-31;3.99.02.02;PN;0.4722000000;N;23617
